Country,Confirmed,Deaths,Recovered,Active,New cases,New deaths,New recovered,Deaths / 100 Cases,Recovered / 100 Cases,Deaths / 100 Recovered,Confirmed last week,1 week change,1 week % increase,WHO Region
Afghanistan,187442,7752,0,179690,333,0,0,4.14,0.0,inf,185749,1693,0.91,Eastern Mediterranean
Albania,317514,3563,0,313951,538,3,0,1.12,0.0,inf,312097,5417,1.74,Europe
Algeria,268254,6878,0,261376,113,0,0,2.56,0.0,inf,267454,800,0.3,Africa
Andorra,45793,154,0,45639,0,0,0,0.34,0.0,inf,45508,285,0.63,Europe
Angola,102636,1917,0,100719,0,0,0,1.87,0.0,inf,102301,335,0.33,Africa
Anguilla (UK),3620,10,0,3610,0,0,0,0.28,0.0,inf,3580,40,1.12,Americas
Antarctica,11,0,0,11,0,0,0,0.0,0.0,0.0,11,0,0.0,
Antigua and Barbuda,8787,144,0,8643,14,0,0,1.64,0.0,inf,8773,14,0.16,Americas
Argentina,9602534,129440,0,9473094,42227,71,0,1.35,0.0,inf,9560307,42227,0.44,Americas
Armenia,426799,8635,0,418164,0,0,0,2.02,0.0,inf,425365,1434,0.34,Europe
Aruba (NL),42286,226,0,42060,0,0,0,0.53,0.0,inf,42080,206,0.49,Americas
Australia,9656089,12335,0,9643754,18010,14,0,0.13,0.0,inf,9435839,220250,2.33,Western Pacific
Austria,4821763,20411,0,4801352,0,0,0,0.42,0.0,inf,4774043,47720,1.0,Europe
Azerbaijan,801939,9760,0,792179,469,0,0,1.22,0.0,inf,798838,3101,0.39,Europe
Bahamas,36812,822,0,35990,0,0,0,2.23,0.0,inf,36724,88,0.24,Americas
Bahrain,662814,1511,0,661303,408,0,0,0.23,0.0,inf,659647,3167,0.48,Eastern Mediterranean
Bangladesh,2007335,29304,0,1978031,216,0,0,1.46,0.0,inf,2005257,2078,0.1,South-East Asia
Barbados,94963,501,0,94462,362,2,0,0.53,0.0,inf,92086,2877,3.12,Americas
Belarus,994037,7118,0,986919,0,0,0,0.72,0.0,inf,994037,0,0.0,Europe
Belgium,4437299,32296,0,4405003,0,0,0,0.73,0.0,inf,4414255,23044,0.52,Europe
Belize,67424,680,0,66744,0,0,0,1.01,0.0,inf,67111,313,0.47,Americas
Benin,27316,163,0,27153,0,0,0,0.6,0.0,inf,27316,0,0.0,Africa
Bhutan,60530,21,0,60509,0,0,0,0.03,0.0,inf,60368,162,0.27,South-East Asia
Bolivia,1064405,22095,0,1042310,1633,4,0,2.08,0.0,inf,1037500,26905,2.59,Americas
Bosnia and Herzegovina,387803,15902,0,371901,0,0,0,4.1,0.0,inf,384976,2827,0.73,Europe
Botswana,325724,2772,0,322952,0,0,0,0.85,0.0,inf,325470,254,0.08,Africa
Brazil,34018371,679996,0,33338375,7198,57,0,2.0,0.0,inf,33833900,184471,0.55,Americas
British Virgin Islands (UK),7131,63,0,7068,0,0,0,0.88,0.0,inf,7131,0,0.0,Americas
Brunei,211157,225,0,210932,0,0,0,0.11,0.0,inf,205890,5267,2.56,Western Pacific
Bulgaria,1217565,37435,0,1180130,411,4,0,3.07,0.0,inf,1206688,10877,0.9,Europe
Burkina Faso,21128,387,0,20741,0,0,0,1.83,0.0,inf,21128,0,0.0,Africa
Burma,614198,19434,0,594764,8,0,0,3.16,0.0,inf,614092,106,0.02,South-East Asia
Burundi,47008,38,0,46970,0,0,0,0.08,0.0,inf,45308,1700,3.75,Africa
Cabo Verde,62207,410,0,61797,1,0,0,0.66,0.0,inf,62159,48,0.08,Africa
Cambodia,137021,3056,0,133965,44,0,0,2.23,0.0,inf,136789,232,0.17,Western Pacific
Cameroon,120215,1931,0,118284,0,0,0,1.61,0.0,inf,120215,0,0.0,Africa
Canada,4117775,43157,0,4074618,753,4,0,1.05,0.0,inf,4092709,25066,0.61,Americas
Cayman Islands (UK),29419,29,0,29390,0,0,0,0.1,0.0,inf,28784,635,2.21,Americas
Central African Republic,14781,113,0,14668,0,0,0,0.76,0.0,inf,14764,17,0.12,Africa
Chad,7437,193,0,7244,0,0,0,2.6,0.0,inf,7432,5,0.07,Africa
Chile,4306955,59800,0,4247155,9811,27,0,1.39,0.0,inf,4241546,65409,1.54,Americas
China,2295769,14772,0,2280997,5135,5,0,0.64,0.0,inf,2260777,34992,1.55,Western Pacific
Colombia,6278998,141075,0,6137923,0,0,0,2.25,0.0,inf,6265798,13200,0.21,Americas
Comoros,8340,160,0,8180,0,0,0,1.92,0.0,inf,8315,25,0.3,Africa
Congo (Brazzaville),24775,386,0,24389,0,0,0,1.56,0.0,inf,24775,0,0.0,Africa
Congo (Kinshasa),92173,1390,0,90783,0,0,0,1.51,0.0,inf,92173,0,0.0,Africa
Costa Rica,1044385,8754,0,1035631,0,0,0,0.84,0.0,inf,1028375,16010,1.56,Americas
Cote d'Ivoire,85712,811,0,84901,0,0,0,0.95,0.0,inf,85306,406,0.48,Africa
Croatia,1193298,16401,0,1176897,743,12,0,1.37,0.0,inf,1186739,6559,0.55,Europe
Cuba,1108827,8529,0,1100298,121,0,0,0.77,0.0,inf,1108094,733,0.07,Americas
Curacao (NL),45127,282,0,44845,0,0,0,0.62,0.0,inf,45063,64,0.14,Americas
Cyprus,568383,1143,0,567240,0,0,0,0.2,0.0,inf,562911,5472,0.97,Europe
Czechia,3999651,40566,0,3959085,801,11,0,1.01,0.0,inf,3985056,14595,0.37,Europe
Denmark,3240454,6701,0,3233753,0,0,0,0.21,0.0,inf,3229666,10788,0.33,Europe
Djibouti,15690,189,0,15501,0,0,0,1.2,0.0,inf,15690,0,0.0,Eastern Mediterranean
Dominica,14852,68,0,14784,0,0,0,0.46,0.0,inf,14852,0,0.0,Americas
Dominican Republic,632655,4384,0,628271,0,0,0,0.69,0.0,inf,628213,4442,0.71,Americas
Ecuador,975234,35811,0,939423,0,0,0,3.67,0.0,inf,961345,13889,1.44,Americas
Egypt,515645,24775,0,490870,0,0,0,4.8,0.0,inf,515645,0,0.0,Eastern Mediterranean
El Salvador,190818,4213,0,186605,0,3,0,2.21,0.0,inf,190818,0,0.0,Americas
Equatorial Guinea,16776,183,0,16593,0,0,0,1.09,0.0,inf,16723,53,0.32,Africa
Eritrea,10118,103,0,10015,2,0,0,1.02,0.0,inf,10045,73,0.73,Africa
Estonia,591377,2628,0,588749,0,0,0,0.44,0.0,inf,586399,4978,0.85,Europe
Eswatini,73305,1419,0,71886,4,0,0,1.94,0.0,inf,73280,25,0.03,Africa
Ethiopia,492491,7569,0,484922,15,0,0,1.54,0.0,inf,492237,254,0.05,Africa
Falkland Islands (Malvinas) (UK),1847,0,0,1847,0,0,0,0.0,0.0,0.0,1835,12,0.65,Africa
Faroe Islands (DK),34658,28,0,34630,0,0,0,0.08,0.0,inf,34658,0,0.0,Europe
Fiji,67805,874,0,66931,0,0,0,1.29,0.0,inf,67549,256,0.38,Western Pacific
Finland,1218216,5251,0,1212965,0,0,0,0.43,0.0,inf,1171034,47182,4.03,Europe
France,33187518,149525,0,33037993,0,0,0,0.45,0.0,inf,32959863,227655,0.69,Europe
French Guiana,92575,407,0,92168,0,0,0,0.44,0.0,inf,92575,0,0.0,Americas
French Polynesia,75819,649,0,75170,0,0,0,0.86,0.0,inf,75257,562,0.75,Western Pacific
Gabon,48511,306,0,48205,0,0,0,0.63,0.0,inf,48511,0,0.0,Africa
Gambia,12149,368,0,11781,0,0,0,3.03,0.0,inf,12078,71,0.59,Africa
Georgia,1698020,16869,0,1681151,0,0,0,0.99,0.0,inf,1686218,11802,0.7,Europe
Germany,31228322,144858,0,31083464,8,0,0,0.46,0.0,inf,30854175,374147,1.21,Europe
Ghana,168306,1458,0,166848,0,0,0,0.87,0.0,inf,168007,299,0.18,Africa
Gibraltar (UK),19999,106,0,19893,0,0,0,0.53,0.0,inf,19902,97,0.49,Europe
Greece,4474616,31377,0,4443239,0,0,0,0.7,0.0,inf,4349423,125193,2.88,Europe
Greenland (DK),11971,21,0,11950,0,0,0,0.18,0.0,inf,11971,0,0.0,Europe
Grenada,18845,234,0,18611,23,0,0,1.24,0.0,inf,18786,59,0.31,Americas
Guadeloupe (FR),186380,971,0,185409,0,0,0,0.52,0.0,inf,183018,3362,1.84,Americas
Guatemala,1057289,19124,0,1038165,671,10,0,1.81,0.0,inf,1042376,14913,1.43,Americas
Guinea,37408,445,0,36963,0,0,0,1.19,0.0,inf,37408,0,0.0,Africa
Guinea-Bissau,8440,174,0,8266,0,0,0,2.06,0.0,inf,8412,28,0.33,Africa
Guyana,70152,1271,0,68881,26,0,0,1.81,0.0,inf,69807,345,0.49,Americas
Haiti,32464,838,0,31626,0,0,0,2.58,0.0,inf,32263,201,0.62,Americas
Holy See,29,0,0,29,0,0,0,0.0,0.0,0.0,29,0,0.0,Europe
Honduras,445271,10945,0,434326,0,0,0,2.46,0.0,inf,439901,5370,1.22,Americas
Hungary,1987321,46886,0,1940435,0,0,0,2.36,0.0,inf,1965481,21840,1.11,Europe
Iceland,202831,179,0,202652,0,0,0,0.09,0.0,inf,202157,674,0.33,Europe
India,44145709,526689,0,43619020,0,0,0,1.19,0.0,inf,44036275,109434,0.25,South-East Asia
Indonesia,6244978,157095,0,6087883,4279,13,0,2.52,0.0,inf,6207098,37880,0.61,South-East Asia
Iran,7440422,142461,0,7297961,5477,63,0,1.91,0.0,inf,7391026,49396,0.67,Eastern Mediterranean
Iraq,2450637,25325,0,2425312,0,0,0,1.03,0.0,inf,2444798,5839,0.24,Eastern Mediterranean
Ireland,1647605,7700,0,1639905,0,0,0,0.47,0.0,inf,1644166,3439,0.21,Europe
Israel,4600994,11436,0,4589558,2527,3,0,0.25,0.0,inf,4582056,18938,0.41,Europe
Italy,21313427,173136,0,21140291,26656,74,0,0.81,0.0,inf,21040025,273402,1.3,Europe
Jamaica,147189,3207,0,143982,183,1,0,2.18,0.0,inf,146372,817,0.56,Americas
Japan,14285593,33694,0,14251899,206421,152,0,0.24,0.0,inf,12779171,1506422,11.79,Western Pacific
Jordan,1715296,14083,0,1701213,0,0,0,0.82,0.0,inf,1709879,5417,0.32,Eastern Mediterranean
Kazakhstan,1456527,19025,0,1437502,2007,0,0,1.31,0.0,inf,1439725,16802,1.17,Europe
Kenya,337853,5672,0,332181,20,0,0,1.68,0.0,inf,337622,231,0.07,Africa
Kiribati,3430,13,0,3417,0,0,0,0.38,0.0,inf,3430,0,0.0,Western Pacific
"Korea, North",1,6,0,-5,0,0,0,600.0,0.0,inf,1,0,0.0,
Kosovo,261304,3176,0,258128,618,1,0,1.22,0.0,inf,254230,7074,2.78,Europe
Kuwait,655854,2562,0,653292,1040,0,0,0.39,0.0,inf,653730,2124,0.32,Eastern Mediterranean
Kyrgyzstan,203776,2991,0,200785,0,0,0,1.47,0.0,inf,202685,1091,0.54,Europe
Laos,211842,757,0,211085,131,0,0,0.36,0.0,inf,211239,603,0.29,Western Pacific
Latvia,871181,5901,0,865280,0,0,0,0.68,0.0,inf,861724,9457,1.1,Europe
Lebanon,1186920,10548,0,1176372,1515,2,0,0.89,0.0,inf,1173871,13049,1.11,Eastern Mediterranean
Lesotho,34040,702,0,33338,0,0,0,2.06,0.0,inf,34040,0,0.0,Africa
Liberia,7548,294,0,7254,0,0,0,3.9,0.0,inf,7538,10,0.13,Africa
Libya,505350,6433,0,498917,0,0,0,1.27,0.0,inf,503611,1739,0.35,Eastern Mediterranean
Liechtenstein,18805,86,0,18719,0,0,0,0.46,0.0,inf,18678,127,0.68,Europe
Lithuania,1191888,9218,0,1182670,176,0,0,0.77,0.0,inf,1183422,8466,0.72,Europe
Luxembourg,284931,1115,0,283816,1210,0,0,0.39,0.0,inf,282252,2679,0.95,Europe
Madagascar,66557,1409,0,65148,66,1,0,2.12,0.0,inf,66491,66,0.1,Africa
Malawi,87627,2670,0,84957,10,0,0,3.05,0.0,inf,87410,217,0.25,Africa
Malaysia,4708552,36026,0,4672526,2728,6,0,0.77,0.0,inf,4680053,28499,0.61,Western Pacific
Maldives,184485,307,0,184178,0,0,0,0.17,0.0,inf,184302,183,0.1,South-East Asia
Mali,31236,739,0,30497,0,0,0,2.37,0.0,inf,31228,8,0.03,Africa
Malta,113246,795,0,112451,26,0,0,0.7,0.0,inf,112828,418,0.37,Europe
Marshall Islands,70,0,0,70,2,0,0,0.0,0.0,0.0,64,6,9.38,Western Pacific
Martinique (FR),211572,998,0,210574,0,0,0,0.47,0.0,inf,209858,1714,0.82,Americas
Mauritania,62657,992,0,61665,5,0,0,1.58,0.0,inf,62572,85,0.14,Africa
Mauritius,248720,1015,0,247705,0,0,0,0.41,0.0,inf,244850,3870,1.58,Africa
Mayotte (FR),39344,187,0,39157,0,0,0,0.48,0.0,inf,38646,698,1.81,Africa
Mexico,6857470,328320,0,6529150,3290,14,0,4.79,0.0,inf,6711847,145623,2.17,Americas
Micronesia,6691,16,0,6675,184,4,0,0.24,0.0,inf,4321,2370,54.85,Western Pacific
Moldova,541715,11630,0,530085,0,0,0,2.15,0.0,inf,532187,9528,1.79,Europe
Monaco,14174,61,0,14113,0,0,0,0.43,0.0,inf,14059,115,0.82,Europe
Mongolia,954305,2121,0,952184,0,0,0,0.22,0.0,inf,943690,10615,1.12,Western Pacific
Montenegro,265184,2755,0,262429,720,1,0,1.04,0.0,inf,259349,5835,2.25,Europe
Montserrat (UK),1077,8,0,1069,0,0,0,0.74,0.0,inf,1054,23,2.18,Americas
Morocco,1262622,16257,0,1246365,121,1,0,1.29,0.0,inf,1260978,1644,0.13,Eastern Mediterranean
Mozambique,229755,2216,0,227539,16,0,0,0.96,0.0,inf,229580,175,0.08,Africa
Namibia,169253,4072,0,165181,0,0,0,2.41,0.0,inf,169253,0,0.0,Africa
Nepal,990127,11971,0,978156,451,0,0,1.21,0.0,inf,986596,3531,0.36,South-East Asia
Netherlands,8349651,22511,0,8327140,0,0,0,0.27,0.0,inf,8331202,18449,0.22,Europe
New Zealand,1666531,1639,0,1664892,4173,0,0,0.1,0.0,inf,1627958,38573,2.37,Western Pacific
Nicaragua,14807,244,0,14563,0,0,0,1.65,0.0,inf,14807,0,0.0,Americas
Niger,9119,311,0,8808,0,0,0,3.41,0.0,inf,9104,15,0.16,Africa
Nigeria,261885,3147,0,258738,412,0,0,1.2,0.0,inf,260977,908,0.35,Africa
North Macedonia,330755,9388,0,321367,0,0,0,2.84,0.0,inf,327009,3746,1.15,Europe
Norway,1456960,3623,0,1453337,38,0,0,0.25,0.0,inf,1455796,1164,0.08,Europe
Oman,396722,4628,0,392094,0,0,0,1.17,0.0,inf,395737,985,0.25,Eastern Mediterranean
Pakistan,1559829,30508,0,1529321,628,3,0,1.96,0.0,inf,1554591,5238,0.34,Eastern Mediterranean
Palau,5308,6,0,5302,0,0,0,0.11,0.0,inf,5308,0,0.0,Western Pacific
Panama,954369,8425,0,945944,0,0,0,0.88,0.0,inf,948473,5896,0.62,Americas
Papua New Guinea,44800,663,0,44137,0,0,0,1.48,0.0,inf,44784,16,0.04,Western Pacific
Paraguay,710890,19289,0,691601,0,0,0,2.71,0.0,inf,707109,3781,0.53,Americas
Peru,3966898,214637,0,3752261,5385,49,0,5.41,0.0,inf,3909870,57028,1.46,Americas
Philippines,3803955,60807,0,3743148,4621,18,0,1.6,0.0,inf,3776627,27328,0.72,Western Pacific
Poland,6094269,116660,0,5977609,698,0,0,1.91,0.0,inf,6069665,24604,0.41,Europe
Portugal,5359624,24664,0,5334960,0,0,0,0.46,0.0,inf,5340612,19012,0.36,Europe
Qatar,414310,681,0,413629,821,0,0,0.16,0.0,inf,408656,5654,1.38,Eastern Mediterranean
Reunion (FR),440747,839,0,439908,0,0,0,0.19,0.0,inf,434924,5823,1.34,Africa
Romania,3115992,66179,0,3049813,3518,8,0,2.12,0.0,inf,3063647,52345,1.71,Europe
Russia,18440314,374983,0,18065331,20026,43,0,2.03,0.0,inf,18330786,109528,0.6,Europe
Rwanda,132299,1466,0,130833,0,0,0,1.11,0.0,inf,132239,60,0.05,Africa
Saint Kitts and Nevis,6477,46,0,6431,0,0,0,0.71,0.0,inf,6462,15,0.23,Americas
Saint Lucia,28161,387,0,27774,0,0,0,1.37,0.0,inf,27966,195,0.7,Americas
Saint Pierre and Miquelon (FR),3112,1,0,3111,0,0,0,0.03,0.0,inf,3083,29,0.94,Americas
Saint Vincent and the Grenadines,9390,115,0,9275,0,0,0,1.22,0.0,inf,9354,36,0.38,Americas
Samoa,15405,29,0,15376,0,0,0,0.19,0.0,inf,15405,0,0.0,Western Pacific
San Marino,20007,118,0,19889,0,0,0,0.59,0.0,inf,19793,214,1.08,Europe
Sao Tome and Principe,6115,75,0,6040,0,0,0,1.23,0.0,inf,6100,15,0.25,Africa
Saudi Arabia,811034,9261,0,801773,147,1,0,1.14,0.0,inf,809672,1362,0.17,Eastern Mediterranean
Senegal,87615,1968,0,85647,65,0,0,2.25,0.0,inf,87386,229,0.26,Africa
Serbia,2164435,16356,0,2148079,4182,9,0,0.76,0.0,inf,2123025,41410,1.95,Europe
Seychelles,45540,168,0,45372,0,0,0,0.37,0.0,inf,45429,111,0.24,Africa
Sierra Leone,7737,125,0,7612,0,0,0,1.62,0.0,inf,7734,3,0.04,Africa
Singapore,1759575,1539,0,1758036,4798,3,0,0.09,0.0,inf,1714056,45519,2.66,Western Pacific
Sint Maarten (NL),10765,87,0,10678,0,0,0,0.81,0.0,inf,10741,24,0.22,Americas
Slovakia,2580748,20236,0,2560512,0,0,0,0.78,0.0,inf,2581047,-299,-0.01,Europe
Slovenia,1093584,6721,0,1086863,561,0,0,0.61,0.0,inf,1083067,10517,0.97,Europe
Solomon Islands,21544,153,0,21391,0,0,0,0.71,0.0,inf,21544,0,0.0,Western Pacific
Somalia,27020,1361,0,25659,0,0,0,5.04,0.0,inf,26957,63,0.23,Eastern Mediterranean
South Africa,4004555,101982,0,3902573,0,0,0,2.55,0.0,inf,4004555,0,0.0,Africa
South Korea,20544420,25292,0,20519128,55292,29,0,0.12,0.0,inf,19820739,723681,3.65,Western Pacific
South Sudan,17780,138,0,17642,0,0,0,0.78,0.0,inf,17733,47,0.27,Africa
Spain,13266184,111094,0,13155090,0,0,0,0.84,0.0,inf,13226579,39605,0.3,Europe
Sri Lanka,666764,16586,0,650178,184,3,0,2.49,0.0,inf,665739,1025,0.15,South-East Asia
Sudan,63074,4958,0,58116,0,0,0,7.86,0.0,inf,63006,68,0.11,Eastern Mediterranean
Summer Olympics 2020,865,0,0,865,0,0,0,0.0,0.0,0.0,865,0,0.0,
Suriname,80982,1380,0,79602,0,0,0,1.7,0.0,inf,80966,16,0.02,Americas
Sweden,2545671,19433,0,2526238,0,0,0,0.76,0.0,inf,2539715,5956,0.23,Europe
Switzerland,3972622,13918,0,3958704,0,0,0,0.35,0.0,inf,3949259,23363,0.59,Europe
Syria,56464,3150,0,53314,0,0,0,5.58,0.0,inf,56275,189,0.34,Eastern Mediterranean
Taiwan*,4738861,9229,0,4729632,22042,42,0,0.19,0.0,inf,4588185,150676,3.28,Western Pacific
Tajikistan,17786,125,0,17661,0,0,0,0.7,0.0,inf,17786,0,0.0,Europe
Tanzania,37865,841,0,37024,0,0,0,2.22,0.0,inf,37510,355,0.95,Africa
Thailand,4607451,31630,0,4575821,1842,34,0,0.69,0.0,inf,4592284,15167,0.33,South-East Asia
Timor-Leste,23036,134,0,22902,0,0,0,0.58,0.0,inf,22999,37,0.16,South-East Asia
Togo,38192,281,0,37911,16,0,0,0.74,0.0,inf,38084,108,0.28,Africa
Tonga,12836,12,0,12824,282,0,0,0.09,0.0,inf,12554,282,2.25,Western Pacific
Trinidad and Tobago,173006,4068,0,168938,117,1,0,2.35,0.0,inf,171510,1496,0.87,Americas
Tunisia,1134660,29105,0,1105555,0,0,0,2.57,0.0,inf,1128693,5967,0.53,Eastern Mediterranean
Turkey,16295817,99678,0,16196139,0,0,0,0.61,0.0,inf,15889495,406322,2.56,Europe
Turks and Caicos Islands (UK),6328,36,0,6292,0,0,0,0.57,0.0,inf,6303,25,0.4,Americas
US,92112922,1033556,0,91079366,10263,-596,0,1.12,0.0,inf,91331435,781487,0.86,Americas
Uganda,169396,3628,0,165768,0,0,0,2.14,0.0,inf,169230,166,0.1,Africa
Ukraine,5298881,116485,0,5182396,277,1,0,2.2,0.0,inf,5294643,4238,0.08,Europe
United Arab Emirates,998714,2337,0,996377,945,0,0,0.23,0.0,inf,991564,7150,0.72,Eastern Mediterranean
United Kingdom,23512578,185509,0,23327069,0,0,0,0.79,0.0,inf,23447295,65283,0.28,Europe
Uruguay,971728,7415,0,964313,0,0,0,0.76,0.0,inf,969803,1925,0.2,Americas
Uzbekistan,243328,1637,0,241691,34,0,0,0.67,0.0,inf,243093,235,0.1,Europe
Vanuatu,11731,14,0,11717,0,0,0,0.12,0.0,inf,11724,7,0.06,Western Pacific
Venezuela,538435,5768,0,532667,280,0,0,1.07,0.0,inf,535836,2599,0.49,Americas
Vietnam,11347518,43094,0,11304424,1381,0,0,0.38,0.0,inf,10779632,567886,5.27,Western Pacific
West Bank and Gaza,691065,5688,0,685377,0,0,0,0.82,0.0,inf,682096,8969,1.31,Eastern Mediterranean
Winter Olympics 2022,535,0,0,535,0,0,0,0.0,0.0,0.0,535,0,0.0,
Yemen,11895,2152,0,9743,0,0,0,18.09,0.0,inf,11877,18,0.15,Eastern Mediterranean
Zambia,331358,4016,0,327342,284,0,0,1.21,0.0,inf,329483,1875,0.57,Africa
Zimbabwe,256447,5584,0,250863,3,3,0,2.18,0.0,inf,256378,69,0.03,Africa
