Country,Confirmed,Deaths,Recovered,Active,New cases,New deaths,New recovered,Deaths / 100 Cases,Recovered / 100 Cases,Deaths / 100 Recovered,Confirmed last week,1 week change,1 week % increase,WHO Region
Afghanistan,208627,7896,0,200731,6,2,0,3.78,0.0,inf,208435,192,0.09,Eastern Mediterranean
Albania,334211,3596,0,330615,7,0,0,1.08,0.0,inf,334157,54,0.02,Europe
Algeria,271394,6881,0,264513,0,0,0,2.54,0.0,inf,271376,18,0.01,Africa
Andorra,47850,165,0,47685,0,0,0,0.34,0.0,inf,47839,11,0.02,Europe
Angola,105184,1931,0,103253,0,0,0,1.84,0.0,inf,105184,0,0.0,Africa
Anguilla (UK),3904,12,0,3892,0,0,0,0.31,0.0,inf,3904,0,0.0,Americas
Antarctica,11,0,0,11,0,0,0,0.0,0.0,0.0,11,0,0.0,
Antigua and Barbuda,9106,146,0,8960,0,0,0,1.6,0.0,inf,9106,0,0.0,Americas
Argentina,10037135,130421,0,9906714,0,0,0,1.3,0.0,inf,10032709,4426,0.04,Americas
Armenia,446008,8717,0,437291,0,0,0,1.95,0.0,inf,446008,0,0.0,Europe
Aruba (NL),43993,281,0,43712,0,0,0,0.64,0.0,inf,43993,0,0.0,Americas
Australia,11312904,18828,0,11294076,0,0,0,0.17,0.0,inf,11295446,17458,0.15,Western Pacific
Austria,5801078,21755,0,5779323,2841,0,0,0.38,0.0,inf,5774678,26400,0.46,Europe
Azerbaijan,828082,10096,0,817986,18,1,0,1.22,0.0,inf,827903,179,0.02,Europe
Bahamas,37491,833,0,36658,0,0,0,2.22,0.0,inf,37491,0,0.0,Americas
Bahrain,700835,1544,0,699291,0,0,0,0.22,0.0,inf,700452,383,0.05,Eastern Mediterranean
Bangladesh,2037588,29443,0,2008145,0,0,0,1.44,0.0,inf,2037506,82,0.0,South-East Asia
Barbados,106157,571,0,105586,0,0,0,0.54,0.0,inf,106157,0,0.0,Americas
Belarus,994037,7118,0,986919,0,0,0,0.72,0.0,inf,994037,0,0.0,Europe
Belgium,4695403,33582,0,4661821,0,0,0,0.72,0.0,inf,4691499,3904,0.08,Europe
Belize,70660,688,0,69972,0,0,0,0.97,0.0,inf,70610,50,0.07,Americas
Benin,27989,163,0,27826,0,0,0,0.58,0.0,inf,27989,0,0.0,Africa
Bhutan,62605,21,0,62584,0,0,0,0.03,0.0,inf,62598,7,0.01,South-East Asia
Bolivia,1189673,22353,0,1167320,0,0,0,1.88,0.0,inf,1187482,2191,0.18,Americas
Bosnia and Herzegovina,401412,16259,0,385153,0,0,0,4.05,0.0,inf,401354,58,0.01,Europe
Botswana,329227,2800,0,326427,0,0,0,0.85,0.0,inf,328887,340,0.1,Africa
Brazil,36867401,697365,0,36170036,0,0,0,1.89,0.0,inf,36794261,73140,0.2,Americas
British Virgin Islands (UK),7305,64,0,7241,0,0,0,0.88,0.0,inf,7305,0,0.0,Americas
Brunei,276067,225,0,275842,0,0,0,0.08,0.0,inf,275220,847,0.31,Western Pacific
Bulgaria,1295597,38184,0,1257413,12,0,0,2.95,0.0,inf,1295275,322,0.02,Europe
Burkina Faso,22025,396,0,21629,0,0,0,1.8,0.0,inf,22025,0,0.0,Africa
Burma,633842,19490,0,614352,2,0,0,3.07,0.0,inf,633819,23,0.0,South-East Asia
Burundi,53492,38,0,53454,0,0,0,0.07,0.0,inf,52429,1063,2.03,Africa
Cabo Verde,63229,413,0,62816,0,0,0,0.65,0.0,inf,63227,2,0.0,Africa
Cambodia,138698,3056,0,135642,1,0,0,2.2,0.0,inf,138689,9,0.01,Western Pacific
Cameroon,123993,1965,0,122028,0,0,0,1.58,0.0,inf,123993,0,0.0,Africa
Canada,4570297,50703,0,4519594,0,0,0,1.11,0.0,inf,4561795,8502,0.19,Americas
Cayman Islands (UK),31472,37,0,31435,0,0,0,0.12,0.0,inf,31472,0,0.0,Americas
Central African Republic,15368,113,0,15255,0,0,0,0.74,0.0,inf,15361,7,0.05,Africa
Chad,7652,194,0,7458,0,0,0,2.54,0.0,inf,7652,0,0.0,Africa
Chile,5128130,63895,0,5064235,1473,20,0,1.25,0.0,inf,5116768,11362,0.22,Americas
China,4903507,100922,0,4802585,0,0,0,2.06,0.0,inf,4903495,12,0.0,Western Pacific
Colombia,6355135,142244,0,6212891,0,0,0,2.24,0.0,inf,6352923,2212,0.03,Americas
Comoros,8992,161,0,8831,0,0,0,1.79,0.0,inf,8992,0,0.0,Africa
Congo (Brazzaville),25375,388,0,24987,0,0,0,1.53,0.0,inf,25375,0,0.0,Africa
Congo (Kinshasa),95514,1463,0,94051,0,0,0,1.53,0.0,inf,95473,41,0.04,Africa
Costa Rica,1186176,9158,0,1177018,0,0,0,0.77,0.0,inf,1182371,3805,0.32,Americas
Cote d'Ivoire,87997,833,0,87164,0,0,0,0.95,0.0,inf,87981,16,0.02,Africa
Croatia,1267894,17895,0,1249999,44,4,0,1.41,0.0,inf,1267511,383,0.03,Europe
Cuba,1112484,8530,0,1103954,11,0,0,0.77,0.0,inf,1112422,62,0.01,Americas
Curacao (NL),45986,301,0,45685,0,0,0,0.65,0.0,inf,45986,0,0.0,Americas
Cyprus,644160,1291,0,642869,0,0,0,0.2,0.0,inf,642663,1497,0.23,Europe
Czechia,4591500,42326,0,4549174,91,1,0,0.92,0.0,inf,4588772,2728,0.06,Europe
Denmark,3400280,8165,0,3392115,0,0,0,0.24,0.0,inf,3399192,1088,0.03,Europe
Djibouti,15690,189,0,15501,0,0,0,1.2,0.0,inf,15690,0,0.0,Eastern Mediterranean
Dominica,15760,74,0,15686,0,0,0,0.47,0.0,inf,15760,0,0.0,Americas
Dominican Republic,660095,4384,0,655711,0,0,0,0.66,0.0,inf,660095,0,0.0,Americas
Ecuador,1052007,35942,0,1016065,0,0,0,3.42,0.0,inf,1051239,768,0.07,Americas
Egypt,515645,24806,0,490839,0,0,0,4.81,0.0,inf,515645,0,0.0,Eastern Mediterranean
El Salvador,201785,4230,0,197555,0,0,0,2.1,0.0,inf,201785,0,0.0,Americas
Equatorial Guinea,17190,183,0,17007,0,0,0,1.06,0.0,inf,17186,4,0.02,Africa
Eritrea,10189,103,0,10086,0,0,0,1.01,0.0,inf,10189,0,0.0,Africa
Estonia,613903,2912,0,610991,0,0,0,0.47,0.0,inf,613531,372,0.06,Europe
Eswatini,74143,1423,0,72720,10,1,0,1.92,0.0,inf,74133,10,0.01,Africa
Ethiopia,499656,7572,0,492084,13,0,0,1.52,0.0,inf,499466,190,0.04,Africa
Falkland Islands (Malvinas) (UK),1930,0,0,1930,0,0,0,0.0,0.0,0.0,1930,0,0.0,Africa
Faroe Islands (DK),34658,28,0,34630,0,0,0,0.08,0.0,inf,34658,0,0.0,Europe
Fiji,68848,883,0,67965,0,0,0,1.28,0.0,inf,68820,28,0.04,Western Pacific
Finland,1459198,8739,0,1450459,0,0,0,0.6,0.0,inf,1458619,579,0.04,Europe
France,38596071,161141,0,38434930,0,0,0,0.42,0.0,inf,38568855,27216,0.07,Europe
French Guiana,98041,413,0,97628,0,0,0,0.42,0.0,inf,98012,29,0.03,Americas
French Polynesia,77957,649,0,77308,0,0,0,0.83,0.0,inf,77957,0,0.0,Western Pacific
Gabon,48981,306,0,48675,0,0,0,0.62,0.0,inf,48980,1,0.0,Africa
Gambia,12586,372,0,12214,0,0,0,2.96,0.0,inf,12586,0,0.0,Africa
Georgia,1815871,16934,0,1798937,0,0,0,0.93,0.0,inf,1814180,1691,0.09,Europe
Germany,37822577,166128,0,37656449,0,0,0,0.44,0.0,inf,37739472,83105,0.22,Europe
Ghana,171112,1462,0,169650,0,0,0,0.85,0.0,inf,171112,0,0.0,Africa
Gibraltar (UK),20399,111,0,20288,0,0,0,0.54,0.0,inf,20399,0,0.0,Europe
Greece,5548487,34779,0,5513708,0,0,0,0.63,0.0,inf,5548487,0,0.0,Europe
Greenland (DK),11971,21,0,11950,0,0,0,0.18,0.0,inf,11971,0,0.0,Europe
Grenada,19680,238,0,19442,0,0,0,1.21,0.0,inf,19680,0,0.0,Americas
Guadeloupe (FR),201394,1007,0,200387,0,0,0,0.5,0.0,inf,201394,0,0.0,Americas
Guatemala,1229596,20128,0,1209468,36,3,0,1.64,0.0,inf,1227024,2572,0.21,Americas
Guinea,38240,467,0,37773,0,0,0,1.22,0.0,inf,38240,0,0.0,Africa
Guinea-Bissau,8947,176,0,8771,0,0,0,1.97,0.0,inf,8947,0,0.0,Africa
Guyana,72984,1295,0,71689,0,0,0,1.77,0.0,inf,72922,62,0.09,Americas
Haiti,34076,860,0,33216,0,0,0,2.52,0.0,inf,34008,68,0.2,Americas
Holy See,29,0,0,29,0,0,0,0.0,0.0,0.0,29,0,0.0,Europe
Honduras,470940,11104,0,459836,0,0,0,2.36,0.0,inf,470337,603,0.13,Americas
Hungary,2192448,48677,0,2143771,0,0,0,2.22,0.0,inf,2191827,621,0.03,Europe
Iceland,208688,199,0,208489,0,0,0,0.1,0.0,inf,208605,83,0.04,Europe
India,44684679,530745,0,44153934,91,0,0,1.19,0.0,inf,44683943,736,0.0,South-East Asia
Indonesia,6731135,160832,0,6570303,171,1,0,2.39,0.0,inf,6729573,1562,0.02,South-East Asia
Iran,7564756,144757,0,7419999,93,1,0,1.91,0.0,inf,7564146,610,0.01,Eastern Mediterranean
Iraq,2465545,25375,0,2440170,0,0,0,1.03,0.0,inf,2465545,0,0.0,Eastern Mediterranean
Ireland,1700817,8515,0,1692302,0,0,0,0.5,0.0,inf,1700253,564,0.03,Europe
Israel,4788399,12215,0,4776184,326,12,0,0.26,0.0,inf,4784702,3697,0.08,Europe
Italy,25488166,187272,0,25300894,0,0,0,0.73,0.0,inf,25453789,34377,0.14,Europe
Jamaica,153629,3484,0,150145,0,0,0,2.27,0.0,inf,153407,222,0.14,Americas
Japan,32766847,69485,0,32697362,32459,188,0,0.21,0.0,inf,32486503,280344,0.86,Western Pacific
Jordan,1746997,14122,0,1732875,0,0,0,0.81,0.0,inf,1746997,0,0.0,Eastern Mediterranean
Kazakhstan,1496549,19065,0,1477484,0,0,0,1.27,0.0,inf,1496390,159,0.01,Europe
Kenya,342817,5688,0,337129,0,0,0,1.66,0.0,inf,342810,7,0.0,Africa
Kiribati,5008,18,0,4990,0,0,0,0.36,0.0,inf,4991,17,0.34,Western Pacific
"Korea, North",1,6,0,-5,0,0,0,600.0,0.0,inf,1,0,0.0,
Kosovo,272621,3204,0,269417,13,0,0,1.18,0.0,inf,272537,84,0.03,Europe
Kuwait,662858,2570,0,660288,0,0,0,0.39,0.0,inf,662858,0,0.0,Eastern Mediterranean
Kyrgyzstan,206592,2991,0,203601,0,0,0,1.45,0.0,inf,206591,1,0.0,Europe
Laos,217990,758,0,217232,3,0,0,0.35,0.0,inf,217962,28,0.01,Western Pacific
Latvia,975403,6239,0,969164,0,0,0,0.64,0.0,inf,975230,173,0.02,Europe
Lebanon,1229390,10795,0,1218595,0,0,0,0.88,0.0,inf,1228399,991,0.08,Eastern Mediterranean
Lesotho,34790,723,0,34067,0,0,0,2.08,0.0,inf,34790,0,0.0,Africa
Liberia,8062,294,0,7768,0,0,0,3.65,0.0,inf,8053,9,0.11,Africa
Libya,507162,6437,0,500725,0,0,0,1.27,0.0,inf,507159,3,0.0,Eastern Mediterranean
Liechtenstein,21359,89,0,21270,0,0,0,0.42,0.0,inf,21349,10,0.05,Europe
Lithuania,1297880,9550,0,1288330,42,0,0,0.74,0.0,inf,1295930,1950,0.15,Europe
Luxembourg,314882,1211,0,313671,0,0,0,0.38,0.0,inf,314607,275,0.09,Europe
Madagascar,67842,1420,0,66422,15,1,0,2.09,0.0,inf,67827,15,0.02,Africa
Malawi,88559,2686,0,85873,0,0,0,3.03,0.0,inf,88505,54,0.06,Africa
Malaysia,5037995,36943,0,5001052,211,0,0,0.73,0.0,inf,5036140,1855,0.04,Western Pacific
Maldives,185715,311,0,185404,0,0,0,0.17,0.0,inf,185713,2,0.0,South-East Asia
Mali,32790,743,0,32047,0,0,0,2.27,0.0,inf,32780,10,0.03,Africa
Malta,117062,824,0,116238,0,0,0,0.7,0.0,inf,116953,109,0.09,Europe
Marshall Islands,15584,17,0,15567,0,0,0,0.11,0.0,inf,15554,30,0.19,Western Pacific
Martinique (FR),228512,1089,0,227423,0,0,0,0.48,0.0,inf,228512,0,0.0,Americas
Mauritania,63665,997,0,62668,0,0,0,1.57,0.0,inf,63664,1,0.0,Africa
Mauritius,294602,1043,0,293559,0,0,0,0.35,0.0,inf,294602,0,0.0,Africa
Mayotte (FR),42002,187,0,41815,0,0,0,0.45,0.0,inf,42002,0,0.0,Africa
Mexico,7389670,332475,0,7057195,8365,82,0,4.5,0.0,inf,7367712,21958,0.3,Americas
Micronesia,22676,58,0,22618,0,0,0,0.26,0.0,inf,22676,0,0.0,Western Pacific
Moldova,598673,11953,0,586720,0,0,0,2.0,0.0,inf,598073,600,0.1,Europe
Monaco,16069,65,0,16004,0,0,0,0.4,0.0,inf,16056,13,0.08,Europe
Mongolia,1007874,2136,0,1005738,0,0,0,0.21,0.0,inf,1007865,9,0.0,Western Pacific
Montenegro,286493,2797,0,283696,0,0,0,0.98,0.0,inf,286235,258,0.09,Europe
Montserrat (UK),1403,8,0,1395,0,0,0,0.57,0.0,inf,1403,0,0.0,Americas
Morocco,1272280,16296,0,1255984,4,0,0,1.28,0.0,inf,1272229,51,0.0,Eastern Mediterranean
Mozambique,231994,2233,0,229761,0,0,0,0.96,0.0,inf,231994,0,0.0,Africa
Namibia,170741,4088,0,166653,0,0,0,2.39,0.0,inf,170496,245,0.14,Africa
Nauru,4621,1,0,4620,0,0,0,0.02,0.0,inf,4621,0,0.0,Western Pacific
Nepal,1001106,12020,0,989086,0,0,0,1.2,0.0,inf,1001096,10,0.0,South-East Asia
Netherlands,8583530,22990,0,8560540,0,0,0,0.27,0.0,inf,8581282,2248,0.03,Europe
New Zealand,2190121,2479,0,2187642,0,0,0,0.11,0.0,inf,2190095,26,0.0,Western Pacific
Nicaragua,15592,245,0,15347,0,0,0,1.57,0.0,inf,15569,23,0.15,Americas
Niger,9508,315,0,9193,0,0,0,3.31,0.0,inf,9508,0,0.0,Africa
Nigeria,266463,3155,0,263308,0,0,0,1.18,0.0,inf,266463,0,0.0,Africa
North Macedonia,346533,9641,0,336892,0,0,0,2.78,0.0,inf,346428,105,0.03,Europe
Norway,1478042,5137,0,1472905,17,0,0,0.35,0.0,inf,1477737,305,0.02,Europe
Oman,399449,4628,0,394821,0,0,0,1.16,0.0,inf,399154,295,0.07,Eastern Mediterranean
Pakistan,1576397,30640,0,1545757,54,0,0,1.94,0.0,inf,1576235,162,0.01,Eastern Mediterranean
Palau,5986,9,0,5977,0,0,0,0.15,0.0,inf,5986,0,0.0,Western Pacific
Panama,1029701,8596,0,1021105,0,0,0,0.83,0.0,inf,1029061,640,0.06,Americas
Papua New Guinea,46750,670,0,46080,0,0,0,1.43,0.0,inf,46663,87,0.19,Western Pacific
Paraguay,806662,19830,0,786832,0,0,0,2.46,0.0,inf,806256,406,0.05,Americas
Peru,4482497,219167,0,4263330,0,0,0,4.89,0.0,inf,4481246,1251,0.03,Americas
Philippines,4073826,65851,0,4007975,87,12,0,1.62,0.0,inf,4072911,915,0.02,Western Pacific
Poland,6383096,118748,0,6264348,121,0,0,1.86,0.0,inf,6378349,4747,0.07,Europe
Portugal,5564254,26033,0,5538221,0,0,0,0.47,0.0,inf,5563265,989,0.02,Europe
Qatar,492647,686,0,491961,52,0,0,0.14,0.0,inf,492283,364,0.07,Eastern Mediterranean
Reunion (FR),493902,919,0,492983,0,0,0,0.19,0.0,inf,492820,1082,0.22,Africa
Romania,3325006,67576,0,3257430,0,0,0,2.03,0.0,inf,3322648,2358,0.07,Europe
Russia,21687216,387324,0,21299892,9355,45,0,1.79,0.0,inf,21629273,57943,0.27,Europe
Rwanda,133090,1468,0,131622,0,0,0,1.1,0.0,inf,133090,0,0.0,Africa
Saint Kitts and Nevis,6592,46,0,6546,0,0,0,0.7,0.0,inf,6591,1,0.02,Americas
Saint Lucia,29803,409,0,29394,0,0,0,1.37,0.0,inf,29803,0,0.0,Americas
Saint Pierre and Miquelon (FR),3452,2,0,3450,0,0,0,0.06,0.0,inf,3452,0,0.0,Americas
Saint Vincent and the Grenadines,9585,123,0,9462,0,0,0,1.28,0.0,inf,9581,4,0.04,Americas
Samoa,16087,29,0,16058,0,0,0,0.18,0.0,inf,16022,65,0.41,Western Pacific
San Marino,23427,122,0,23305,0,0,0,0.52,0.0,inf,23403,24,0.1,Europe
Sao Tome and Principe,6280,77,0,6203,0,0,0,1.23,0.0,inf,6279,1,0.02,Africa
Saudi Arabia,828171,9580,0,818591,40,1,0,1.16,0.0,inf,827861,310,0.04,Eastern Mediterranean
Senegal,88902,1971,0,86931,0,0,0,2.22,0.0,inf,88900,2,0.0,Africa
Serbia,2474636,17721,0,2456915,441,3,0,0.72,0.0,inf,2471072,3564,0.14,Europe
Seychelles,50665,172,0,50493,0,0,0,0.34,0.0,inf,50355,310,0.62,Africa
Sierra Leone,7760,126,0,7634,0,0,0,1.62,0.0,inf,7760,0,0.0,Africa
Singapore,2219180,1722,0,2217458,299,0,0,0.08,0.0,inf,2216185,2995,0.14,Western Pacific
Sint Maarten (NL),11014,91,0,10923,0,0,0,0.83,0.0,inf,11010,4,0.04,Americas
Slovakia,2661315,20961,0,2640354,31,4,0,0.79,0.0,inf,2660507,808,0.03,Europe
Slovenia,1322543,7060,0,1315483,50,0,0,0.53,0.0,inf,1321147,1396,0.11,Europe
Solomon Islands,24575,153,0,24422,0,0,0,0.62,0.0,inf,24575,0,0.0,Western Pacific
Somalia,27318,1361,0,25957,0,0,0,4.98,0.0,inf,27318,0,0.0,Eastern Mediterranean
South Africa,4056701,102595,0,3954106,0,0,0,2.53,0.0,inf,4055416,1285,0.03,Africa
South Korea,30263261,33614,0,30229647,5850,18,0,0.11,0.0,inf,30157017,106244,0.35,Western Pacific
South Sudan,18368,138,0,18230,0,0,0,0.75,0.0,inf,18368,0,0.0,Africa
Spain,13740531,118712,0,13621819,0,0,0,0.86,0.0,inf,13731478,9053,0.07,Europe
Sri Lanka,672000,16828,0,655172,0,0,0,2.5,0.0,inf,671987,13,0.0,South-East Asia
Sudan,63754,5008,0,58746,0,0,0,7.86,0.0,inf,63736,18,0.03,Eastern Mediterranean
Summer Olympics 2020,865,0,0,865,0,0,0,0.0,0.0,0.0,865,0,0.0,
Suriname,82227,1400,0,80827,0,0,0,1.7,0.0,inf,82020,207,0.25,Americas
Sweden,2694893,23448,0,2671445,0,0,0,0.87,0.0,inf,2693458,1435,0.05,Europe
Switzerland,4407915,14244,0,4393671,0,0,0,0.32,0.0,inf,4406243,1672,0.04,Europe
Syria,57453,3164,0,54289,0,0,0,5.51,0.0,inf,57453,0,0.0,Eastern Mediterranean
Taiwan*,9668845,16687,0,9652158,22983,73,0,0.17,0.0,inf,9483267,185578,1.96,Western Pacific
Tajikistan,17786,125,0,17661,0,0,0,0.7,0.0,inf,17786,0,0.0,Europe
Tanzania,42664,846,0,41818,0,0,0,1.98,0.0,inf,42600,64,0.15,Africa
Thailand,4727236,33882,0,4693354,252,17,0,0.72,0.0,inf,4726984,252,0.01,South-East Asia
Timor-Leste,23415,138,0,23277,0,0,0,0.59,0.0,inf,23414,1,0.0,South-East Asia
Togo,39356,290,0,39066,1,0,0,0.74,0.0,inf,39354,2,0.01,Africa
Tonga,16779,13,0,16766,0,0,0,0.08,0.0,inf,16734,45,0.27,Western Pacific
Trinidad and Tobago,187908,4326,0,183582,0,0,0,2.3,0.0,inf,187585,323,0.17,Americas
Tunisia,1150356,29308,0,1121048,0,0,0,2.55,0.0,inf,1150278,78,0.01,Eastern Mediterranean
Turkey,17042722,101492,0,16941230,0,0,0,0.6,0.0,inf,17042722,0,0.0,Europe
Turks and Caicos Islands (UK),6537,38,0,6499,0,0,0,0.58,0.0,inf,6522,15,0.23,Americas
Tuvalu,2805,0,0,2805,0,0,0,0.0,0.0,0.0,2805,0,0.0,Western Pacific
US,102592195,1111495,0,101480700,1994,0,0,1.08,0.0,inf,102274714,317481,0.31,Americas
Uganda,170400,3630,0,166770,0,0,0,2.13,0.0,inf,170328,72,0.04,Africa
Ukraine,5682632,119018,0,5563614,55,0,0,2.09,0.0,inf,5679279,3353,0.06,Europe
United Arab Emirates,1049828,2348,0,1047480,99,0,0,0.22,0.0,inf,1049274,554,0.05,Eastern Mediterranean
United Kingdom,24451691,217388,0,24234303,0,0,0,0.89,0.0,inf,24432197,19494,0.08,Europe
Uruguay,1032710,7609,0,1025101,0,0,0,0.74,0.0,inf,1031581,1129,0.11,Americas
Uzbekistan,250622,1637,0,248985,0,0,0,0.65,0.0,inf,250508,114,0.05,Europe
Vanuatu,12014,14,0,12000,0,0,0,0.12,0.0,inf,12014,0,0.0,Western Pacific
Venezuela,551645,5849,0,545796,26,2,0,1.06,0.0,inf,551412,233,0.04,Americas
Vietnam,11526566,43186,0,11483380,7,0,0,0.37,0.0,inf,11526408,158,0.0,Western Pacific
West Bank and Gaza,703228,5708,0,697520,0,0,0,0.81,0.0,inf,703228,0,0.0,Eastern Mediterranean
Winter Olympics 2022,535,0,0,535,0,0,0,0.0,0.0,0.0,535,0,0.0,
Yemen,11945,2159,0,9786,0,0,0,18.07,0.0,inf,11945,0,0.0,Eastern Mediterranean
Zambia,341573,4049,0,337524,0,0,0,1.19,0.0,inf,340172,1401,0.41,Africa
Zimbabwe,262324,5658,0,256666,0,0,0,2.16,0.0,inf,261606,718,0.27,Africa
