Country,Confirmed,Deaths,Recovered,Active,New cases,New deaths,New recovered,Deaths / 100 Cases,Recovered / 100 Cases,Deaths / 100 Recovered,Confirmed last week,1 week change,1 week % increase,WHO Region
Afghanistan,196870,7792,0,189078,119,0,0,3.96,0.0,inf,195298,1572,0.8,Eastern Mediterranean
Albania,331384,3586,0,327798,89,0,0,1.08,0.0,inf,330687,697,0.21,Europe
Algeria,270584,6879,0,263705,14,0,0,2.54,0.0,inf,270507,77,0.03,Africa
Andorra,46147,155,0,45992,0,0,0,0.34,0.0,inf,46113,34,0.07,Europe
Angola,103131,1917,0,101214,0,0,0,1.86,0.0,inf,102636,495,0.48,Africa
Anguilla (UK),3856,12,0,3844,5,0,0,0.31,0.0,inf,3851,5,0.13,Americas
Antarctica,11,0,0,11,0,0,0,0.0,0.0,0.0,11,0,0.0,
Antigua and Barbuda,9008,145,0,8863,0,0,0,1.61,0.0,inf,8974,34,0.38,Americas
Argentina,9697763,129830,0,9567933,0,0,0,1.34,0.0,inf,9689861,7902,0.08,Americas
Armenia,439302,8669,0,430633,0,0,0,1.97,0.0,inf,436727,2575,0.59,Europe
Aruba (NL),42970,228,0,42742,0,0,0,0.53,0.0,inf,42970,0,0.0,Americas
Australia,10150636,14624,0,10136012,27761,166,0,0.14,0.0,inf,10111190,39446,0.39,Western Pacific
Austria,5002850,20661,0,4982189,6283,5,0,0.41,0.0,inf,4984809,18041,0.36,Europe
Azerbaijan,818890,9876,0,809014,256,3,0,1.21,0.0,inf,816985,1905,0.23,Europe
Bahamas,37187,833,0,36354,31,10,0,2.24,0.0,inf,37101,86,0.23,Americas
Bahrain,675205,1518,0,673687,296,0,0,0.22,0.0,inf,673314,1891,0.28,Eastern Mediterranean
Bangladesh,2016583,29337,0,1987246,438,1,0,1.45,0.0,inf,2014077,2506,0.12,South-East Asia
Barbados,102068,559,0,101509,43,0,0,0.55,0.0,inf,101747,321,0.32,Americas
Belarus,994037,7118,0,986919,0,0,0,0.72,0.0,inf,994037,0,0.0,Europe
Belgium,4511590,32625,0,4478965,7484,20,0,0.72,0.0,inf,4497199,14391,0.32,Europe
Belize,68612,680,0,67932,0,0,0,0.99,0.0,inf,68452,160,0.23,Americas
Benin,27638,163,0,27475,0,0,0,0.59,0.0,inf,27490,148,0.54,Africa
Bhutan,61419,21,0,61398,0,0,0,0.03,0.0,inf,61233,186,0.3,South-East Asia
Bolivia,1106900,22226,0,1084674,362,8,0,2.01,0.0,inf,1105236,1664,0.15,Americas
Bosnia and Herzegovina,397678,16106,0,381572,76,2,0,4.05,0.0,inf,396873,805,0.2,Europe
Botswana,326127,2787,0,323340,0,0,0,0.85,0.0,inf,325911,216,0.07,Africa
Brazil,34568833,685203,0,33883630,9931,82,0,1.98,0.0,inf,34477539,91294,0.26,Americas
British Virgin Islands (UK),7305,64,0,7241,0,0,0,0.88,0.0,inf,7291,14,0.19,Americas
Brunei,224610,225,0,224385,0,0,0,0.1,0.0,inf,223059,1551,0.7,Western Pacific
Bulgaria,1250627,37667,0,1212960,377,4,0,3.01,0.0,inf,1247215,3412,0.27,Europe
Burkina Faso,21128,387,0,20741,0,0,0,1.83,0.0,inf,21128,0,0.0,Africa
Burma,617998,19444,0,598554,259,0,0,3.15,0.0,inf,616210,1788,0.29,South-East Asia
Burundi,49882,38,0,49844,512,0,0,0.08,0.0,inf,49370,512,1.04,Africa
Cabo Verde,62350,410,0,61940,0,0,0,0.66,0.0,inf,62331,19,0.03,Africa
Cambodia,137745,3056,0,134689,6,0,0,2.22,0.0,inf,137689,56,0.04,Western Pacific
Cameroon,121652,1935,0,119717,0,0,0,1.59,0.0,inf,121652,0,0.0,Africa
Canada,4239062,44918,0,4194144,8011,257,0,1.06,0.0,inf,4221426,17636,0.42,Americas
Cayman Islands (UK),30545,31,0,30514,165,2,0,0.1,0.0,inf,30214,331,1.1,Americas
Central African Republic,14904,113,0,14791,0,0,0,0.76,0.0,inf,14883,21,0.14,Africa
Chad,7560,193,0,7367,0,0,0,2.55,0.0,inf,7549,11,0.15,Africa
Chile,4568495,60822,0,4507673,0,0,0,1.33,0.0,inf,4549927,18568,0.41,Americas
China,2661940,15068,0,2646872,9226,6,0,0.57,0.0,inf,2594190,67750,2.61,Western Pacific
Colombia,6305562,141746,0,6163816,1245,38,0,2.25,0.0,inf,6304317,1245,0.02,Americas
Comoros,8467,161,0,8306,0,0,0,1.9,0.0,inf,8455,12,0.14,Africa
Congo (Brazzaville),24837,386,0,24451,0,0,0,1.55,0.0,inf,24837,0,0.0,Africa
Congo (Kinshasa),92751,1422,0,91329,0,0,0,1.53,0.0,inf,92711,40,0.04,Africa
Costa Rica,1105792,8913,0,1096879,0,0,0,0.81,0.0,inf,1097629,8163,0.74,Americas
Cote d'Ivoire,86990,822,0,86168,49,0,0,0.94,0.0,inf,86885,105,0.12,Africa
Croatia,1222914,16827,0,1206087,907,10,0,1.38,0.0,inf,1218663,4251,0.35,Europe
Cuba,1110971,8530,0,1102441,23,0,0,0.77,0.0,inf,1110808,163,0.01,Americas
Curacao (NL),45345,287,0,45058,0,0,0,0.63,0.0,inf,45318,27,0.06,Americas
Cyprus,579899,1173,0,578726,0,0,0,0.2,0.0,inf,578030,1869,0.32,Europe
Czechia,4070913,40943,0,4029970,2502,11,0,1.01,0.0,inf,4056384,14529,0.36,Europe
Denmark,3284546,6990,0,3277556,840,3,0,0.21,0.0,inf,3279222,5324,0.16,Europe
Djibouti,15690,189,0,15501,0,0,0,1.2,0.0,inf,15690,0,0.0,Eastern Mediterranean
Dominica,14852,68,0,14784,0,0,0,0.46,0.0,inf,14852,0,0.0,Americas
Dominican Republic,641677,4384,0,637293,0,0,0,0.68,0.0,inf,640064,1613,0.25,Americas
Ecuador,1000214,35885,0,964329,0,0,0,3.59,0.0,inf,997791,2423,0.24,Americas
Egypt,515645,24796,0,490849,0,0,0,4.81,0.0,inf,515645,0,0.0,Eastern Mediterranean
El Salvador,201785,4228,0,197557,0,0,0,2.1,0.0,inf,201785,0,0.0,Americas
Equatorial Guinea,16991,183,0,16808,1,0,0,1.08,0.0,inf,16964,27,0.16,Africa
Eritrea,10164,103,0,10061,0,0,0,1.01,0.0,inf,10158,6,0.06,Africa
Estonia,599596,2661,0,596935,0,0,0,0.44,0.0,inf,598636,960,0.16,Europe
Eswatini,73374,1422,0,71952,0,0,0,1.94,0.0,inf,73368,6,0.01,Africa
Ethiopia,493403,7572,0,485831,18,0,0,1.53,0.0,inf,493316,87,0.02,Africa
Falkland Islands (Malvinas) (UK),1886,0,0,1886,0,0,0,0.0,0.0,0.0,1886,0,0.0,Africa
Faroe Islands (DK),34658,28,0,34630,0,0,0,0.08,0.0,inf,34658,0,0.0,Europe
Fiji,68223,878,0,67345,16,0,0,1.29,0.0,inf,68195,28,0.04,Western Pacific
Finland,1277473,5858,0,1271615,5957,90,0,0.46,0.0,inf,1271516,5957,0.47,Europe
France,33948414,151532,0,33796882,30691,28,0,0.45,0.0,inf,33791372,157042,0.46,Europe
French Guiana,93837,409,0,93428,0,0,0,0.44,0.0,inf,93735,102,0.11,Americas
French Polynesia,76578,649,0,75929,18,0,0,0.85,0.0,inf,76520,58,0.08,Western Pacific
Gabon,48668,306,0,48362,0,0,0,0.63,0.0,inf,48655,13,0.03,Africa
Gambia,12508,372,0,12136,0,0,0,2.97,0.0,inf,12311,197,1.6,Africa
Georgia,1762206,16900,0,1745306,0,0,0,0.96,0.0,inf,1735682,26524,1.53,Europe
Germany,32643742,148845,0,32494897,38749,117,0,0.46,0.0,inf,32422084,221658,0.68,Europe
Ghana,168616,1459,0,167157,0,0,0,0.87,0.0,inf,168580,36,0.02,Africa
Gibraltar (UK),20069,108,0,19961,0,0,0,0.54,0.0,inf,20069,0,0.0,Europe
Greece,4838811,32894,0,4805917,0,0,0,0.68,0.0,inf,4804982,33829,0.7,Europe
Greenland (DK),11971,21,0,11950,0,0,0,0.18,0.0,inf,11971,0,0.0,Europe
Grenada,19473,236,0,19237,0,0,0,1.21,0.0,inf,19403,70,0.36,Americas
Guadeloupe (FR),191997,986,0,191011,0,0,0,0.51,0.0,inf,191997,0,0.0,Americas
Guatemala,1114758,19698,0,1095060,887,10,0,1.77,0.0,inf,1108779,5979,0.54,Americas
Guinea,37652,449,0,37203,0,0,0,1.19,0.0,inf,37652,0,0.0,Africa
Guinea-Bissau,8796,175,0,8621,0,0,0,1.99,0.0,inf,8796,0,0.0,Africa
Guyana,71239,1280,0,69959,17,0,0,1.8,0.0,inf,71150,89,0.13,Americas
Haiti,33721,857,0,32864,19,0,0,2.54,0.0,inf,33551,170,0.51,Americas
Holy See,29,0,0,29,0,0,0,0.0,0.0,0.0,29,0,0.0,Europe
Honduras,455669,10989,0,444680,0,0,0,2.41,0.0,inf,454779,890,0.2,Americas
Hungary,2070443,47409,0,2023034,0,0,0,2.29,0.0,inf,2058847,11596,0.56,Europe
Iceland,205284,213,0,205071,0,0,0,0.1,0.0,inf,205009,275,0.13,Europe
India,44522777,528273,0,43994504,6298,23,0,1.19,0.0,inf,44484729,38048,0.09,South-East Asia
Indonesia,6402686,157849,0,6244837,2651,21,0,2.47,0.0,inf,6385140,17546,0.27,South-East Asia
Iran,7541586,144258,0,7397328,624,15,0,1.91,0.0,inf,7537081,4505,0.06,Eastern Mediterranean
Iraq,2458509,25348,0,2433161,0,0,0,1.03,0.0,inf,2458509,0,0.0,Eastern Mediterranean
Ireland,1660635,7901,0,1652734,0,0,0,0.48,0.0,inf,1659034,1601,0.1,Europe
Israel,4647508,11667,0,4635841,1190,0,0,0.25,0.0,inf,4640211,7297,0.16,Europe
Italy,22114423,176464,0,21937959,17973,60,0,0.8,0.0,inf,22004612,109811,0.5,Europe
Jamaica,151016,3288,0,147728,95,0,0,2.18,0.0,inf,150401,615,0.41,Americas
Japan,20482750,43378,0,20439372,85832,171,0,0.21,0.0,inf,19882749,600001,3.02,Western Pacific
Jordan,1742256,14114,0,1728142,0,0,0,0.81,0.0,inf,1738867,3389,0.19,Eastern Mediterranean
Kazakhstan,1482094,19047,0,1463047,181,0,0,1.29,0.0,inf,1480862,1232,0.08,Europe
Kenya,338315,5675,0,332640,7,0,0,1.68,0.0,inf,338271,44,0.01,Africa
Kiribati,3430,13,0,3417,0,0,0,0.38,0.0,inf,3430,0,0.0,Western Pacific
"Korea, North",1,6,0,-5,0,0,0,600.0,0.0,inf,1,0,0.0,
Kosovo,271974,3199,0,268775,10,0,0,1.18,0.0,inf,271855,119,0.04,Europe
Kuwait,657745,2563,0,655182,0,0,0,0.39,0.0,inf,657745,0,0.0,Eastern Mediterranean
Kyrgyzstan,205920,2991,0,202929,0,0,0,1.45,0.0,inf,205835,85,0.04,Europe
Laos,215322,757,0,214565,50,0,0,0.35,0.0,inf,214835,487,0.23,Western Pacific
Latvia,912002,5965,0,906037,1419,1,0,0.65,0.0,inf,904983,7019,0.78,Europe
Lebanon,1213376,10653,0,1202723,176,3,0,0.88,0.0,inf,1212025,1351,0.11,Eastern Mediterranean
Lesotho,34287,704,0,33583,0,0,0,2.05,0.0,inf,34287,0,0.0,Africa
Liberia,7929,294,0,7635,0,0,0,3.71,0.0,inf,7898,31,0.39,Africa
Libya,506918,6437,0,500481,9,0,0,1.27,0.0,inf,506881,37,0.01,Eastern Mediterranean
Liechtenstein,19390,86,0,19304,5,0,0,0.44,0.0,inf,19285,105,0.54,Europe
Lithuania,1232367,9301,0,1223066,1582,4,0,0.75,0.0,inf,1224515,7852,0.64,Europe
Luxembourg,288658,1126,0,287532,0,0,0,0.39,0.0,inf,288658,0,0.0,Europe
Madagascar,66652,1410,0,65242,0,0,0,2.12,0.0,inf,66640,12,0.02,Africa
Malawi,87946,2680,0,85266,0,0,0,3.05,0.0,inf,87927,19,0.02,Africa
Malaysia,4813702,36299,0,4777403,2375,3,0,0.75,0.0,inf,4799663,14039,0.29,Western Pacific
Maldives,184966,308,0,184658,0,0,0,0.17,0.0,inf,184924,42,0.02,South-East Asia
Mali,32440,739,0,31701,55,0,0,2.28,0.0,inf,31998,442,1.38,Africa
Malta,114348,803,0,113545,25,0,0,0.7,0.0,inf,114206,142,0.12,Europe
Marshall Islands,15213,17,0,15196,33,0,0,0.11,0.0,inf,15071,142,0.94,Western Pacific
Martinique (FR),219529,1036,0,218493,0,0,0,0.47,0.0,inf,215582,3947,1.83,Americas
Mauritania,62779,994,0,61785,1,1,0,1.58,0.0,inf,62773,6,0.01,Africa
Mauritius,260947,1024,0,259923,0,0,0,0.39,0.0,inf,258301,2646,1.02,Africa
Mayotte (FR),40161,187,0,39974,0,0,0,0.47,0.0,inf,40095,66,0.16,Africa
Mexico,7059936,329767,0,6730169,0,0,0,4.67,0.0,inf,7046220,13716,0.19,Americas
Micronesia,9933,30,0,9903,427,1,0,0.3,0.0,inf,9037,896,9.91,Western Pacific
Moldova,583183,11808,0,571375,0,0,0,2.02,0.0,inf,579110,4073,0.7,Europe
Monaco,14471,63,0,14408,20,0,0,0.44,0.0,inf,14424,47,0.33,Europe
Mongolia,981618,2130,0,979488,0,0,0,0.22,0.0,inf,980442,1176,0.12,Western Pacific
Montenegro,277976,2778,0,275198,164,0,0,1.0,0.0,inf,276929,1047,0.38,Europe
Montserrat (UK),1326,8,0,1318,50,0,0,0.6,0.0,inf,1229,97,7.89,Americas
Morocco,1264731,16276,0,1248455,20,0,0,1.29,0.0,inf,1264609,122,0.01,Eastern Mediterranean
Mozambique,230184,2222,0,227962,0,0,0,0.97,0.0,inf,230150,34,0.01,Africa
Namibia,169253,4077,0,165176,0,0,0,2.41,0.0,inf,169253,0,0.0,Africa
Nauru,4611,1,0,4610,0,0,0,0.02,0.0,inf,4610,1,0.02,Western Pacific
Nepal,999121,12015,0,987106,75,0,0,1.2,0.0,inf,998432,689,0.07,South-East Asia
Netherlands,8401151,22620,0,8378531,0,0,0,0.27,0.0,inf,8392833,8318,0.1,Europe
New Zealand,1768592,1963,0,1766629,0,0,0,0.11,0.0,inf,1762898,5694,0.32,Western Pacific
Nicaragua,14990,244,0,14746,0,0,0,1.63,0.0,inf,14931,59,0.4,Americas
Niger,9931,312,0,9619,0,0,0,3.14,0.0,inf,9931,0,0.0,Africa
Nigeria,264744,3155,0,261589,127,0,0,1.19,0.0,inf,264299,445,0.17,Africa
North Macedonia,341986,9520,0,332466,97,4,0,2.78,0.0,inf,341370,616,0.18,Europe
Norway,1461388,4038,0,1457350,92,0,0,0.28,0.0,inf,1460826,562,0.04,Europe
Oman,397993,4628,0,393365,0,0,0,1.16,0.0,inf,397993,0,0.0,Eastern Mediterranean
Pakistan,1571530,30604,0,1540926,0,0,0,1.95,0.0,inf,1570636,894,0.06,Eastern Mediterranean
Palau,5430,6,0,5424,0,0,0,0.11,0.0,inf,5403,27,0.5,Western Pacific
Panama,984234,8487,0,975747,0,0,0,0.86,0.0,inf,981822,2412,0.25,Americas
Papua New Guinea,44931,664,0,44267,9,0,0,1.48,0.0,inf,44900,31,0.07,Western Pacific
Paraguay,715806,19530,0,696276,0,0,0,2.73,0.0,inf,715569,237,0.03,Americas
Peru,4130040,216235,0,3913805,1360,33,0,5.24,0.0,inf,4121036,9004,0.22,Americas
Philippines,3913536,62447,0,3851089,2049,31,0,1.6,0.0,inf,3898882,14654,0.38,Western Pacific
Poland,6233117,117316,0,6115801,5858,17,0,1.88,0.0,inf,6202436,30681,0.49,Europe
Portugal,5454001,24947,0,5429054,2203,5,0,0.46,0.0,inf,5438351,15650,0.29,Europe
Qatar,439287,682,0,438605,788,0,0,0.16,0.0,inf,434153,5134,1.18,Eastern Mediterranean
Reunion (FR),474623,884,0,473739,2572,5,0,0.19,0.0,inf,467390,7233,1.55,Africa
Romania,3249108,66888,0,3182220,1968,6,0,2.06,0.0,inf,3235527,13581,0.42,Europe
Russia,19970827,377921,0,19592906,55427,98,0,1.89,0.0,inf,19618428,352399,1.8,Europe
Rwanda,132480,1466,0,131014,2,0,0,1.11,0.0,inf,132471,9,0.01,Africa
Saint Kitts and Nevis,6541,46,0,6495,5,0,0,0.7,0.0,inf,6524,17,0.26,Americas
Saint Lucia,28959,393,0,28566,0,0,0,1.36,0.0,inf,28894,65,0.22,Americas
Saint Pierre and Miquelon (FR),3166,1,0,3165,0,0,0,0.03,0.0,inf,3131,35,1.12,Americas
Saint Vincent and the Grenadines,9446,116,0,9330,0,0,0,1.23,0.0,inf,9430,16,0.17,Americas
Samoa,15889,29,0,15860,0,0,0,0.18,0.0,inf,15839,50,0.32,Western Pacific
San Marino,20552,118,0,20434,12,0,0,0.57,0.0,inf,20456,96,0.47,Europe
Sao Tome and Principe,6193,76,0,6117,0,0,0,1.23,0.0,inf,6177,16,0.26,Africa
Saudi Arabia,814937,9324,0,805613,108,2,0,1.14,0.0,inf,814192,745,0.09,Eastern Mediterranean
Senegal,88230,1968,0,86262,0,0,0,2.23,0.0,inf,88153,77,0.09,Africa
Serbia,2327601,16855,0,2310746,2882,9,0,0.72,0.0,inf,2307305,20296,0.88,Europe
Seychelles,46358,169,0,46189,0,0,0,0.36,0.0,inf,46175,183,0.4,Africa
Sierra Leone,7750,126,0,7624,0,0,0,1.63,0.0,inf,7749,1,0.01,Africa
Singapore,1869591,1605,0,1867986,2423,1,0,0.09,0.0,inf,1854455,15136,0.82,Western Pacific
Sint Maarten (NL),10855,87,0,10768,0,0,0,0.8,0.0,inf,10847,8,0.07,Americas
Slovakia,2614850,20426,0,2594424,469,5,0,0.78,0.0,inf,2580748,34102,1.32,Europe
Slovenia,1151774,6802,0,1144972,2410,3,0,0.59,0.0,inf,1138346,13428,1.18,Europe
Solomon Islands,21544,153,0,21391,0,0,0,0.71,0.0,inf,21544,0,0.0,Western Pacific
Somalia,27197,1361,0,25836,0,0,0,5.0,0.0,inf,27020,177,0.66,Eastern Mediterranean
South Africa,4015347,102146,0,3913201,361,17,0,2.54,0.0,inf,4013721,1626,0.04,Africa
South Korea,24316302,27725,0,24288577,51832,60,0,0.11,0.0,inf,23933949,382353,1.6,Western Pacific
South Sudan,17823,138,0,17685,0,0,0,0.77,0.0,inf,17823,0,0.0,Africa
Spain,13374116,113279,0,13260837,0,0,0,0.85,0.0,inf,13358722,15394,0.12,Europe
Sri Lanka,670519,16737,0,653782,0,0,0,2.5,0.0,inf,670341,178,0.03,South-East Asia
Sudan,63275,4961,0,58314,0,0,0,7.84,0.0,inf,63270,5,0.01,Eastern Mediterranean
Summer Olympics 2020,865,0,0,865,0,0,0,0.0,0.0,0.0,865,0,0.0,
Suriname,81078,1384,0,79694,0,0,0,1.71,0.0,inf,81057,21,0.03,Americas
Sweden,2578521,20100,0,2558421,4973,94,0,0.78,0.0,inf,2573548,4973,0.19,Europe
Switzerland,4073348,13992,0,4059356,0,0,0,0.34,0.0,inf,4059532,13816,0.34,Europe
Syria,57207,3163,0,54044,10,0,0,5.53,0.0,inf,57129,78,0.14,Eastern Mediterranean
Taiwan*,5849748,10423,0,5839325,45405,57,0,0.18,0.0,inf,5580027,269721,4.83,Western Pacific
Tajikistan,17786,125,0,17661,0,0,0,0.7,0.0,inf,17786,0,0.0,Europe
Tanzania,39253,845,0,38408,0,0,0,2.15,0.0,inf,39168,85,0.22,Africa
Thailand,4672146,32603,0,4639543,837,12,0,0.7,0.0,inf,4665347,6799,0.15,South-East Asia
Timor-Leste,23237,138,0,23099,5,0,0,0.59,0.0,inf,23204,33,0.14,South-East Asia
Togo,38678,284,0,38394,0,0,0,0.73,0.0,inf,38581,97,0.25,Africa
Tonga,16182,12,0,16170,0,0,0,0.07,0.0,inf,16182,0,0.0,Western Pacific
Trinidad and Tobago,181903,4183,0,177720,154,3,0,2.3,0.0,inf,180549,1354,0.75,Americas
Tunisia,1145163,29243,0,1115920,0,0,0,2.55,0.0,inf,1144824,339,0.03,Eastern Mediterranean
Turkey,16852382,101068,0,16751314,0,0,0,0.6,0.0,inf,16797750,54632,0.33,Europe
Turks and Caicos Islands (UK),6380,36,0,6344,0,0,0,0.56,0.0,inf,6372,8,0.13,Americas
Tuvalu,20,0,0,20,0,0,0,0.0,0.0,0.0,20,0,0.0,Western Pacific
US,95585465,1052939,0,94532526,129517,626,0,1.1,0.0,inf,95103031,482434,0.51,Americas
Uganda,169396,3628,0,165768,0,0,0,2.14,0.0,inf,169396,0,0.0,Africa
Ukraine,5390574,116761,0,5273813,24563,71,0,2.17,0.0,inf,5362294,28280,0.53,Europe
United Arab Emirates,1021625,2342,0,1019283,434,0,0,0.23,0.0,inf,1018779,2846,0.28,Eastern Mediterranean
United Kingdom,23731651,206613,-1,23525039,30786,119,0,0.87,-0.0,-20661300.0,23700596,31055,0.13,Europe
Uruguay,982846,7462,0,975384,0,0,0,0.76,0.0,inf,981186,1660,0.17,Americas
Uzbekistan,244006,1637,0,242369,13,0,0,0.67,0.0,inf,243893,113,0.05,Europe
Vanuatu,11930,14,0,11916,0,0,0,0.12,0.0,inf,11902,28,0.24,Western Pacific
Venezuela,544057,5809,0,538248,127,0,0,1.07,0.0,inf,543204,853,0.16,Americas
Vietnam,11450999,43137,0,11407862,2965,5,0,0.38,0.0,inf,11431823,19176,0.17,Western Pacific
West Bank and Gaza,702768,5707,0,697061,177,1,0,0.81,0.0,inf,702591,177,0.03,Eastern Mediterranean
Winter Olympics 2022,535,0,0,535,0,0,0,0.0,0.0,0.0,535,0,0.0,
Yemen,11932,2155,0,9777,0,0,0,18.06,0.0,inf,11932,0,0.0,Eastern Mediterranean
Zambia,333337,4017,0,329320,24,0,0,1.21,0.0,inf,333180,157,0.05,Africa
Zimbabwe,256939,5596,0,251343,0,0,0,2.18,0.0,inf,256834,105,0.04,Africa
