Country,Confirmed,Deaths,Recovered,Active,New cases,New deaths,New recovered,Deaths / 100 Cases,Recovered / 100 Cases,Deaths / 100 Recovered,Confirmed last week,1 week change,1 week % increase,WHO Region
Afghanistan,153260,7123,0,146137,40,5,0,4.65,0.0,inf,152722,538,0.35,Eastern Mediterranean
Albania,147369,2501,0,144868,982,3,0,1.7,0.0,inf,141365,6004,4.25,Europe
Algeria,196527,5302,0,191225,447,33,0,2.7,0.0,inf,193171,3356,1.74,Africa
Andorra,15046,130,0,14916,13,0,0,0.86,0.0,inf,15014,32,0.21,Europe
Angola,47781,1227,0,46554,237,10,0,2.57,0.0,inf,46539,1242,2.67,Africa
Anguilla (UK),217,0,0,217,0,0,0,0.0,0.0,0.0,174,43,24.71,Americas
Antigua and Barbuda,1719,44,0,1675,4,0,0,2.56,0.0,inf,1598,121,7.57,Americas
Argentina,5190948,112005,0,5078943,5328,193,0,2.16,0.0,inf,5155079,35869,0.7,Americas
Armenia,242750,4857,0,237893,615,13,0,2.0,0.0,inf,239056,3694,1.55,Europe
Aruba (NL),14662,146,0,14516,86,0,0,1.0,0.0,inf,14231,431,3.03,Americas
Australia,56560,1019,0,55541,1467,7,0,1.8,0.0,inf,47840,8720,18.23,Western Pacific
Austria,690153,10775,0,679378,1848,3,0,1.56,0.0,inf,680179,9974,1.47,Europe
Azerbaijan,428736,5677,0,423059,3845,41,0,1.32,0.0,inf,401828,26908,6.7,Europe
Bahamas,18139,381,0,17758,0,27,0,2.1,0.0,inf,17615,524,2.97,Americas
Bahrain,272635,1388,0,271247,95,0,0,0.51,0.0,inf,271933,702,0.26,Eastern Mediterranean
Bangladesh,1503680,26274,0,1477406,3062,79,0,1.75,0.0,inf,1477930,25750,1.74,South-East Asia
Barbados,5072,51,0,5021,40,1,0,1.01,0.0,inf,4720,352,7.46,Americas
Belarus,483231,3791,0,479440,1699,11,0,0.78,0.0,inf,472852,10379,2.19,Europe
Belgium,1187506,25382,0,1162124,2842,2,0,2.14,0.0,inf,1173108,14398,1.23,Europe
Belize,16493,362,0,16131,140,0,0,2.19,0.0,inf,15793,700,4.43,Americas
Benin,15932,131,0,15801,2566,3,0,0.82,0.0,inf,12492,3440,27.54,Africa
Bhutan,2596,3,0,2593,0,0,0,0.12,0.0,inf,2591,5,0.19,South-East Asia
Bolivia,491340,18473,0,472867,461,21,0,3.76,0.0,inf,488403,2937,0.6,Americas
Bosnia and Herzegovina,214759,9815,0,204944,906,12,0,4.57,0.0,inf,211059,3700,1.75,Europe
Botswana,156927,2261,0,154666,0,0,0,1.44,0.0,inf,150842,6085,4.03,Africa
Brazil,20804215,581150,0,20223065,27345,737,0,2.79,0.0,inf,20645537,158678,0.77,Americas
British Virgin Islands (UK),2568,37,0,2531,0,0,0,1.44,0.0,inf,2568,0,0.0,Americas
Brunei,2858,11,0,2847,146,2,0,0.38,0.0,inf,2159,699,32.38,Western Pacific
Bulgaria,457487,18950,0,438537,1745,54,0,4.14,0.0,inf,446698,10789,2.42,Europe
Burkina Faso,13777,171,0,13606,0,0,0,1.24,0.0,inf,13737,40,0.29,Africa
Burma,402640,15490,0,387150,3358,101,0,3.85,0.0,inf,380879,21761,5.71,South-East Asia
Burundi,12585,38,0,12547,591,0,0,0.3,0.0,inf,11381,1204,10.58,Africa
Cabo Verde,35506,314,0,35192,152,1,0,0.88,0.0,inf,34919,587,1.68,Africa
Cambodia,93510,1916,0,91594,455,13,0,2.05,0.0,inf,90535,2975,3.29,Western Pacific
Cameroon,84210,1357,0,82853,785,7,0,1.61,0.0,inf,82454,1756,2.13,Africa
Canada,1511033,27019,0,1484014,3954,31,0,1.79,0.0,inf,1487184,23849,1.6,Americas
Cayman Islands (UK),688,2,0,686,8,0,0,0.29,0.0,inf,669,19,2.84,Americas
Central African Republic,11296,100,0,11196,0,0,0,0.89,0.0,inf,11270,26,0.23,Africa
Chad,4994,174,0,4820,2,0,0,3.48,0.0,inf,4987,7,0.14,Africa
Chile,1639123,36945,0,1602178,448,8,0,2.25,0.0,inf,1635173,3950,0.24,Americas
China,107102,4848,0,102254,29,0,0,4.53,0.0,inf,106870,232,0.22,Western Pacific
Colombia,4911082,125016,0,4786066,1996,71,0,2.55,0.0,inf,4897150,13932,0.28,Americas
Comoros,4072,147,0,3925,4,0,0,3.61,0.0,inf,4055,17,0.42,Africa
Congo (Brazzaville),13588,183,0,13405,0,0,0,1.35,0.0,inf,13493,95,0.7,Africa
Congo (Kinshasa),55146,1059,0,54087,283,0,0,1.92,0.0,inf,54137,1009,1.86,Africa
Costa Rica,466574,5523,0,461051,2848,17,0,1.18,0.0,inf,450291,16283,3.62,Americas
Cote d'Ivoire,56148,445,0,55703,479,4,0,0.79,0.0,inf,54038,2110,3.9,Africa
Croatia,374803,8338,0,366465,805,4,0,2.22,0.0,inf,370985,3818,1.03,Europe
Cuba,659464,5377,0,654087,6609,74,0,0.82,0.0,inf,611163,48301,7.9,Americas
Curacao (NL),15338,145,0,15193,39,1,0,0.95,0.0,inf,15086,252,1.67,Americas
Cyprus,114131,507,0,113624,256,4,0,0.44,0.0,inf,112278,1853,1.65,Europe
Czechia,1679476,30404,0,1649072,287,0,0,1.81,0.0,inf,1678083,1393,0.08,Europe
Denmark,346518,2584,0,343934,825,0,0,0.75,0.0,inf,340567,5951,1.75,Europe
Djibouti,11757,157,0,11600,7,0,0,1.34,0.0,inf,11707,50,0.43,Eastern Mediterranean
Dominica,1638,4,0,1634,0,0,0,0.24,0.0,inf,1339,299,22.33,Americas
Dominican Republic,350468,4008,0,346460,295,0,0,1.14,0.0,inf,348566,1902,0.55,Americas
Ecuador,501201,32244,0,468957,0,0,0,6.43,0.0,inf,499631,1570,0.31,Americas
Egypt,288732,16743,0,271989,291,7,0,5.8,0.0,inf,286938,1794,0.63,Eastern Mediterranean
El Salvador,96067,2926,0,93141,2007,8,0,3.05,0.0,inf,94060,2007,2.13,Americas
Equatorial Guinea,9477,126,0,9351,0,0,0,1.33,0.0,inf,9173,304,3.31,Africa
Eritrea,6642,38,0,6604,0,0,0,0.57,0.0,inf,6635,7,0.11,Africa
Estonia,142363,1293,0,141070,407,1,0,0.91,0.0,inf,139937,2426,1.73,Europe
Eswatini,43626,1112,0,42514,255,11,0,2.55,0.0,inf,41680,1946,4.67,Africa
Ethiopia,309351,4692,0,304659,1217,17,0,1.52,0.0,inf,300092,9259,3.09,Africa
Falkland Islands (Malvinas) (UK),67,0,0,67,1,0,0,0.0,0.0,0.0,66,1,1.52,Africa
Faroe Islands (DK),1001,2,0,999,0,0,0,0.2,0.0,inf,999,2,0.2,Europe
Fiji,47006,504,0,46502,290,8,0,1.07,0.0,inf,44745,2261,5.05,Western Pacific
Finland,127861,1030,0,126831,679,1,0,0.81,0.0,inf,123635,4226,3.42,Europe
France,6641342,124209,0,6517133,30745,84,0,1.87,0.0,inf,6543163,98179,1.5,Europe
French Guiana,35073,219,0,34854,698,4,0,0.62,0.0,inf,33452,1621,4.85,Americas
French Polynesia,40178,446,0,39732,0,10,0,1.11,0.0,inf,40178,0,0.0,Western Pacific
Gabon,25888,166,0,25722,0,0,0,0.64,0.0,inf,25762,126,0.49,Africa
Gambia,9715,322,0,9393,17,3,0,3.31,0.0,inf,9470,245,2.59,Africa
Georgia,553697,7482,0,546215,3886,74,0,1.35,0.0,inf,528043,25654,4.86,Europe
Germany,3979839,92262,0,3887577,14158,33,0,2.32,0.0,inf,3911562,68277,1.75,Europe
Ghana,119436,1036,0,118400,0,0,0,0.87,0.0,inf,115525,3911,3.39,Africa
Gibraltar (UK),5367,97,0,5270,13,0,0,1.81,0.0,inf,5308,59,1.11,Europe
Greece,590832,13669,0,577163,2868,47,0,2.31,0.0,inf,570077,20755,3.64,Europe
Greenland (DK),343,0,0,343,9,0,0,0.0,0.0,0.0,313,30,9.58,Europe
Grenada,539,2,0,537,78,0,0,0.37,0.0,inf,266,273,102.63,Americas
Guadeloupe (FR),45393,508,0,44885,0,0,0,1.12,0.0,inf,37955,7438,19.6,Americas
Guatemala,475548,12007,0,463541,5271,81,0,2.52,0.0,inf,450150,25398,5.64,Americas
Guinea,29541,338,0,29203,40,1,0,1.14,0.0,inf,29022,519,1.79,Africa
Guinea-Bissau,5829,120,0,5709,30,1,0,2.06,0.0,inf,5634,195,3.46,Africa
Guyana,25770,624,0,25146,222,2,0,2.42,0.0,inf,24713,1057,4.28,Americas
Haiti,20916,586,0,20330,20,0,0,2.8,0.0,inf,20746,170,0.82,Americas
Holy See,27,0,0,27,0,0,0,0.0,0.0,0.0,27,0,0.0,Europe
Honduras,340559,8960,0,331599,1802,110,0,2.63,0.0,inf,331372,9187,2.77,Americas
Hungary,812531,30059,0,782472,194,1,0,3.7,0.0,inf,811337,1194,0.15,Europe
Iceland,10856,33,0,10823,67,0,0,0.3,0.0,inf,10341,515,4.98,Europe
India,32857937,439529,0,32418408,47092,509,0,1.34,0.0,inf,32558530,299407,0.92,South-East Asia
Indonesia,4100138,133676,0,3966462,10337,653,0,3.26,0.0,inf,4026837,73301,1.82,South-East Asia
Iran,5025233,108393,0,4916840,33170,599,0,2.16,0.0,inf,4796377,228856,4.77,Eastern Mediterranean
Iraq,1895459,20878,0,1874581,7309,48,0,1.1,0.0,inf,1847697,47762,2.58,Eastern Mediterranean
Ireland,354236,5112,0,349124,1789,20,0,1.44,0.0,inf,342329,11907,3.48,Europe
Israel,1082981,7086,0,1075895,16629,43,0,0.65,0.0,inf,1017825,65156,6.4,Europe
Italy,4546487,129290,0,4417197,6496,69,0,2.84,0.0,inf,4502396,44091,0.98,Europe
Jamaica,68482,1549,0,66933,351,31,0,2.26,0.0,inf,63831,4651,7.29,Americas
Japan,1511522,16151,0,1495371,20008,71,0,1.07,0.0,inf,1369091,142431,10.4,Western Pacific
Jordan,798091,10422,0,787669,965,11,0,1.31,0.0,inf,792278,5813,0.73,Eastern Mediterranean
Kazakhstan,868921,13732,0,855189,5340,1077,0,1.58,0.0,inf,829924,38997,4.7,Europe
Kenya,236881,4739,0,232142,1018,13,0,2.0,0.0,inf,232052,4829,2.08,Africa
Kiribati,2,0,0,2,0,0,0,0.0,0.0,0.0,2,0,0.0,Western Pacific
Kosovo,146880,2525,0,144355,1894,22,0,1.72,0.0,inf,134818,12062,8.95,Europe
Kuwait,409961,2420,0,407541,101,1,0,0.59,0.0,inf,408797,1164,0.28,Eastern Mediterranean
Kyrgyzstan,175876,2532,0,173344,142,4,0,1.44,0.0,inf,174576,1300,0.74,Europe
Laos,15289,14,0,15275,274,0,0,0.09,0.0,inf,13909,1380,9.92,Western Pacific
Latvia,143106,2579,0,140527,469,1,0,1.8,0.0,inf,141536,1570,1.11,Europe
Lebanon,603288,8061,0,595227,1022,8,0,1.34,0.0,inf,595522,7766,1.3,Eastern Mediterranean
Lesotho,14395,403,0,13992,0,0,0,2.8,0.0,inf,14388,7,0.05,Africa
Liberia,5594,245,0,5349,0,0,0,4.38,0.0,inf,5527,67,1.21,Africa
Libya,310637,4263,0,306374,1665,16,0,1.37,0.0,inf,300455,10182,3.39,Eastern Mediterranean
Liechtenstein,3278,59,0,3219,5,0,0,1.8,0.0,inf,3247,31,0.95,Europe
Lithuania,299532,4569,0,294963,707,8,0,1.53,0.0,inf,295373,4159,1.41,Europe
Luxembourg,75904,830,0,75074,144,0,0,1.09,0.0,inf,75312,592,0.79,Europe
Madagascar,42873,956,0,41917,4,0,0,2.23,0.0,inf,42850,23,0.05,Africa
Malawi,60583,2185,0,58398,89,8,0,3.61,0.0,inf,59954,629,1.05,Africa
Malaysia,1765016,16942,0,1748074,18762,278,0,0.96,0.0,inf,1616244,148772,9.2,Western Pacific
Maldives,81301,226,0,81075,189,0,0,0.28,0.0,inf,80328,973,1.21,South-East Asia
Mali,14895,539,0,14356,6,0,0,3.62,0.0,inf,14795,100,0.68,Africa
Malta,36247,441,0,35806,76,0,0,1.22,0.0,inf,35908,339,0.94,Europe
Marshall Islands,4,0,0,4,0,0,0,0.0,0.0,0.0,4,0,0.0,Western Pacific
Martinique (FR),35953,411,0,35542,0,0,0,1.14,0.0,inf,34722,1231,3.55,Americas
Mauritania,33725,717,0,33008,145,2,0,2.13,0.0,inf,32486,1239,3.81,Africa
Mauritius,10676,31,0,10645,0,0,0,0.29,0.0,inf,8667,2009,23.18,Africa
Mayotte (FR),19827,175,0,19652,23,0,0,0.88,0.0,inf,19717,110,0.56,Africa
Mexico,3369747,260503,0,3109244,17337,1177,0,7.73,0.0,inf,3271128,98619,3.01,Americas
Micronesia,1,0,0,1,0,0,0,0.0,0.0,0.0,1,0,0.0,Western Pacific
Moldova,268105,6406,0,261699,579,5,0,2.39,0.0,inf,265817,2288,0.86,Europe
Monaco,3211,33,0,3178,10,0,0,1.03,0.0,inf,3163,48,1.52,Europe
Mongolia,217546,944,0,216602,3726,7,0,0.43,0.0,inf,199279,18267,9.17,Western Pacific
Montenegro,115956,1732,0,114224,571,8,0,1.49,0.0,inf,111736,4220,3.78,Europe
Montserrat (UK),29,1,0,28,0,0,0,3.45,0.0,inf,25,4,16.0,Americas
Morocco,866968,12749,0,854219,6020,100,0,1.47,0.0,inf,829137,37831,4.56,Eastern Mediterranean
Mozambique,146754,1866,0,144888,438,2,0,1.27,0.0,inf,144032,2722,1.89,Africa
Namibia,125136,3386,0,121750,90,11,0,2.71,0.0,inf,124083,1053,0.85,Africa
Nepal,764295,10770,0,753525,1648,20,0,1.41,0.0,inf,752863,11432,1.52,South-East Asia
Netherlands,1943882,18012,0,1925870,2827,2,0,0.93,0.0,inf,1926424,17458,0.91,Europe
New Zealand,3646,26,0,3620,76,0,0,0.71,0.0,inf,3228,418,12.95,Western Pacific
Nicaragua,11735,200,0,11535,0,0,0,1.7,0.0,inf,11167,568,5.09,Americas
Niger,5857,199,0,5658,8,0,0,3.4,0.0,inf,5807,50,0.86,Africa
Nigeria,193013,2480,0,190533,582,11,0,1.28,0.0,inf,188880,4133,2.19,Africa
North Macedonia,177399,5964,0,171435,905,26,0,3.36,0.0,inf,171576,5823,3.39,Europe
Norway,161814,822,0,160992,1640,8,0,0.51,0.0,inf,152119,9695,6.37,Europe
Oman,302393,4068,0,298325,93,4,0,1.35,0.0,inf,301683,710,0.24,Eastern Mediterranean
Pakistan,1167757,25978,0,1141779,4069,89,0,2.22,0.0,inf,1140411,27346,2.4,Eastern Mediterranean
Palau,2,0,0,2,0,0,0,0.0,0.0,0.0,2,0,0.0,Western Pacific
Panama,458157,7066,0,451091,670,5,0,1.54,0.0,inf,454330,3827,0.84,Americas
Papua New Guinea,17926,192,0,17734,88,0,0,1.07,0.0,inf,17838,88,0.49,Western Pacific
Paraguay,458614,15785,0,442829,86,18,0,3.44,0.0,inf,458116,498,0.11,Americas
Peru,2150006,198295,0,1951711,415,32,0,9.22,0.0,inf,2145051,4955,0.23,Americas
Philippines,2003955,33533,0,1970422,14098,85,0,1.67,0.0,inf,1883088,120867,6.42,Western Pacific
Poland,2889036,75358,0,2813678,366,13,0,2.61,0.0,inf,2887270,1766,0.06,Europe
Portugal,1039492,17757,0,1021735,1565,14,0,1.71,0.0,inf,1025869,13623,1.33,Europe
Qatar,232910,602,0,232308,166,0,0,0.26,0.0,inf,231559,1351,0.58,Eastern Mediterranean
Reunion (FR),50346,342,0,50004,1663,10,0,0.68,0.0,inf,48683,1663,3.42,Africa
Romania,1100208,34591,0,1065617,1443,21,0,3.14,0.0,inf,1092971,7237,0.66,Europe
Russia,6838652,180781,0,6657871,17955,772,0,2.64,0.0,inf,6709605,129047,1.92,Europe
Rwanda,88197,1097,0,87100,570,8,0,1.24,0.0,inf,84631,3566,4.21,Africa
Saint Kitts and Nevis,1121,3,0,1118,30,0,0,0.27,0.0,inf,929,192,20.67,Americas
Saint Lucia,8322,106,0,8216,103,2,0,1.27,0.0,inf,7536,786,10.43,Americas
Saint Pierre and Miquelon (FR),30,0,0,30,0,0,0,0.0,0.0,0.0,30,0,0.0,Americas
Saint Vincent and the Grenadines,2348,12,0,2336,12,0,0,0.51,0.0,inf,2321,27,1.16,Americas
Samoa,3,0,0,3,0,0,0,0.0,0.0,0.0,3,0,0.0,Western Pacific
San Marino,5331,90,0,5241,0,0,0,1.69,0.0,inf,5292,39,0.74,Europe
Sao Tome and Principe,2627,37,0,2590,19,0,0,1.41,0.0,inf,2555,72,2.82,Africa
Saudi Arabia,543318,8512,0,534806,0,0,0,1.57,0.0,inf,541994,1324,0.24,Eastern Mediterranean
Senegal,72920,1774,0,71146,115,9,0,2.43,0.0,inf,72215,705,0.98,Africa
Serbia,766279,7307,0,758972,3346,15,0,0.95,0.0,inf,748693,17586,2.35,Europe
Seychelles,19976,104,0,19872,0,0,0,0.52,0.0,inf,19594,382,1.95,Africa
Sierra Leone,6368,121,0,6247,1,0,0,1.9,0.0,inf,6358,10,0.16,Africa
Singapore,67800,55,0,67745,180,0,0,0.08,0.0,inf,66812,988,1.48,Western Pacific
Sint Maarten (NL),3746,53,0,3693,27,2,0,1.41,0.0,inf,3520,226,6.42,Americas
Slovakia,395122,12548,0,382574,199,0,0,3.18,0.0,inf,394285,837,0.21,Europe
Slovenia,267962,4450,0,263512,764,0,0,1.66,0.0,inf,264649,3313,1.25,Europe
Solomon Islands,20,0,0,20,0,0,0,0.0,0.0,0.0,20,0,0.0,Western Pacific
Somalia,17466,977,0,16489,0,0,0,5.59,0.0,inf,17016,450,2.64,Eastern Mediterranean
South Africa,2787203,82496,0,2704707,9544,235,0,2.96,0.0,inf,2722202,65001,2.39,Africa
South Korea,255401,2303,0,253098,1956,11,0,0.9,0.0,inf,243317,12084,4.97,Western Pacific
South Sudan,11446,120,0,11326,10,0,0,1.05,0.0,inf,11347,99,0.87,Africa
Spain,4861883,84472,0,4777411,6818,132,0,1.74,0.0,inf,4815205,46678,0.97,Europe
Sri Lanka,444130,9400,0,434730,3828,215,0,2.12,0.0,inf,407768,36362,8.92,South-East Asia
Sudan,37709,2837,0,34872,0,6,0,7.52,0.0,inf,37662,47,0.12,Eastern Mediterranean
Summer Olympics 2020,811,0,0,811,7,0,0,0.0,0.0,0.0,716,95,13.27,
Suriname,29599,725,0,28874,306,4,0,2.45,0.0,inf,27998,1601,5.72,Americas
Sweden,1127917,14692,0,1113225,1104,0,0,1.3,0.0,inf,1120628,7289,0.65,Europe
Switzerland,782869,10996,0,771873,3203,8,0,1.4,0.0,inf,765190,17679,2.31,Europe
Syria,28045,2018,0,26027,130,5,0,7.2,0.0,inf,27221,824,3.03,Eastern Mediterranean
Taiwan*,16001,836,0,15165,6,1,0,5.22,0.0,inf,15939,62,0.39,Western Pacific
Tajikistan,17252,125,0,17127,0,0,0,0.72,0.0,inf,17007,245,1.44,Europe
Tanzania,1367,50,0,1317,0,0,0,3.66,0.0,inf,1367,0,0.0,Africa
Thailand,1213954,11841,0,1202113,9225,252,0,0.98,0.0,inf,1102368,111586,10.12,South-East Asia
Timor-Leste,16941,72,0,16869,259,5,0,0.43,0.0,inf,15296,1645,10.75,South-East Asia
Togo,21561,185,0,21376,300,0,0,0.86,0.0,inf,20244,1317,6.51,Africa
Trinidad and Tobago,44957,1302,0,43655,110,11,0,2.9,0.0,inf,43538,1419,3.26,Americas
Tunisia,666168,23538,0,642630,2134,87,0,3.53,0.0,inf,647483,18685,2.89,Eastern Mediterranean
Turkey,6412247,57000,0,6355247,23946,290,0,0.89,0.0,inf,6273651,138596,2.21,Europe
Turks and Caicos Islands (UK),2653,20,0,2633,3,0,0,0.75,0.0,inf,2616,37,1.41,Americas
US,39396156,642081,0,38754075,198025,1973,0,1.63,0.0,inf,38223075,1173081,3.07,Americas
Uganda,120075,3023,0,117052,160,11,0,2.52,0.0,inf,119037,1038,0.87,Africa
Ukraine,2387052,57066,0,2329986,2488,62,0,2.39,0.0,inf,2371895,15157,0.64,Europe
United Arab Emirates,719355,2043,0,717312,985,2,0,0.28,0.0,inf,712411,6944,0.97,Eastern Mediterranean
United Kingdom,6845340,132909,0,6712431,35552,207,0,1.94,0.0,inf,6610369,234971,3.55,Europe
Uruguay,385078,6034,0,379044,144,2,0,1.57,0.0,inf,384392,686,0.18,Americas
Uzbekistan,157136,1088,0,156048,742,6,0,0.69,0.0,inf,151517,5619,3.71,Europe
Vanuatu,4,1,0,3,0,0,0,25.0,0.0,inf,4,0,0.0,Western Pacific
Venezuela,335233,4026,0,331207,890,16,0,1.2,0.0,inf,328550,6683,2.03,Americas
Vietnam,473530,11868,0,461662,11434,804,0,2.51,0.0,inf,381363,92167,24.17,Western Pacific
West Bank and Gaza,344957,3688,0,341269,2675,8,0,1.07,0.0,inf,330821,14136,4.27,Eastern Mediterranean
Yemen,7900,1480,0,6420,31,8,0,18.73,0.0,inf,7625,275,3.61,Eastern Mediterranean
Zambia,206522,3605,0,202917,195,3,0,1.75,0.0,inf,205107,1415,0.69,Africa
Zimbabwe,124960,4438,0,120522,187,19,0,3.55,0.0,inf,123711,1249,1.01,Africa
