Country,Confirmed,Deaths,Recovered,Active,New cases,New deaths,New recovered,Deaths / 100 Cases,Recovered / 100 Cases,Deaths / 100 Recovered,Confirmed last week,1 week change,1 week % increase,WHO Region
Afghanistan,180741,7709,0,173032,53,0,0,4.27,0.0,inf,180347,394,0.22,Eastern Mediterranean
Albania,276468,3497,0,272971,53,0,0,1.26,0.0,inf,276101,367,0.13,Europe
Algeria,265904,6875,0,259029,4,0,0,2.59,0.0,inf,265884,20,0.01,Africa
Andorra,43067,153,0,42914,0,0,0,0.36,0.0,inf,42894,173,0.4,Europe
Angola,99761,1900,0,97861,0,0,0,1.9,0.0,inf,99761,0,0.0,Africa
Anguilla (UK),3294,9,0,3285,0,0,0,0.27,0.0,inf,3203,91,2.84,Americas
Antarctica,11,0,0,11,0,0,0,0.0,0.0,0.0,11,0,0.0,
Antigua and Barbuda,8378,138,0,8240,0,0,0,1.65,0.0,inf,8253,125,1.51,Americas
Argentina,9276618,128973,0,9147645,0,0,0,1.39,0.0,inf,9230573,46045,0.5,Americas
Armenia,423006,8629,0,414377,0,0,0,2.04,0.0,inf,422963,43,0.01,Europe
Aruba (NL),37975,216,0,37759,0,0,0,0.57,0.0,inf,37034,941,2.54,Americas
Australia,7509648,8860,0,7500788,33223,58,0,0.12,0.0,inf,7312408,197240,2.7,Western Pacific
Austria,4306509,19950,0,4286559,2183,4,0,0.46,0.0,inf,4288153,18356,0.43,Europe
Azerbaijan,792785,9713,0,783072,0,0,0,1.23,0.0,inf,792767,18,0.0,Europe
Bahamas,35099,811,0,34288,20,1,0,2.31,0.0,inf,34759,340,0.98,Americas
Bahrain,590806,1489,0,589317,997,1,0,0.25,0.0,inf,585665,5141,0.88,Eastern Mediterranean
Bangladesh,1953754,29131,0,1924623,54,0,0,1.49,0.0,inf,1953507,247,0.01,South-East Asia
Barbados,81622,463,0,81159,104,0,0,0.57,0.0,inf,80654,968,1.2,Americas
Belarus,982867,6978,0,975889,0,0,0,0.71,0.0,inf,982867,0,0.0,Europe
Belgium,4164698,31799,0,4132899,5944,31,0,0.76,0.0,inf,4152558,12140,0.29,Europe
Belize,60287,678,0,59609,224,0,0,1.12,0.0,inf,59365,922,1.55,Americas
Benin,26952,163,0,26789,0,0,0,0.6,0.0,inf,26952,0,0.0,Africa
Bhutan,59636,21,0,59615,0,0,0,0.04,0.0,inf,59628,8,0.01,South-East Asia
Bolivia,910832,21949,0,888883,316,0,0,2.41,0.0,inf,908862,1970,0.22,Americas
Bosnia and Herzegovina,378022,15791,0,362231,24,0,0,4.18,0.0,inf,377904,118,0.03,Europe
Botswana,310431,2701,0,307730,2305,4,0,0.87,0.0,inf,308126,2305,0.75,Africa
Brazil,31266163,667348,0,30598815,71045,307,0,2.13,0.0,inf,31019038,247125,0.8,Americas
British Virgin Islands (UK),6765,62,0,6703,0,0,0,0.92,0.0,inf,6765,0,0.0,Americas
Brunei,151161,223,0,150938,380,0,0,0.15,0.0,inf,148674,2487,1.67,Western Pacific
Bulgaria,1166316,37184,0,1129132,168,2,0,3.19,0.0,inf,1165167,1149,0.1,Europe
Burkina Faso,20899,384,0,20515,0,0,0,1.84,0.0,inf,20899,0,0.0,Africa
Burma,613397,19434,0,593963,10,0,0,3.17,0.0,inf,613336,61,0.01,South-East Asia
Burundi,42248,38,0,42210,0,0,0,0.09,0.0,inf,42034,214,0.51,Africa
Cabo Verde,56635,402,0,56233,45,0,0,0.71,0.0,inf,56324,311,0.55,Africa
Cambodia,136262,3056,0,133206,0,0,0,2.24,0.0,inf,136262,0,0.0,Western Pacific
Cameroon,119947,1930,0,118017,0,0,0,1.61,0.0,inf,119947,0,0.0,Africa
Canada,3902223,41378,0,3860845,2936,17,0,1.06,0.0,inf,3884779,17444,0.45,Americas
Cayman Islands (UK),25886,28,0,25858,0,0,0,0.11,0.0,inf,25318,568,2.24,Americas
Central African Republic,14649,113,0,14536,0,0,0,0.77,0.0,inf,14649,0,0.0,Africa
Chad,7418,193,0,7225,0,0,0,2.6,0.0,inf,7417,1,0.01,Africa
Chile,3760891,57997,0,3702894,4671,6,0,1.54,0.0,inf,3702941,57950,1.56,Americas
China,2101049,14615,0,2086434,442,3,0,0.7,0.0,inf,2096684,4365,0.21,Western Pacific
Colombia,6109105,139867,0,5969238,0,0,0,2.29,0.0,inf,6103455,5650,0.09,Americas
Comoros,8126,160,0,7966,0,0,0,1.97,0.0,inf,8120,6,0.07,Africa
Congo (Brazzaville),24128,385,0,23743,0,0,0,1.6,0.0,inf,24079,49,0.2,Africa
Congo (Kinshasa),89189,1338,0,87851,0,0,0,1.5,0.0,inf,88374,815,0.92,Africa
Costa Rica,904934,8525,0,896409,0,0,0,0.94,0.0,inf,891038,13896,1.56,Americas
Cote d'Ivoire,82309,799,0,81510,0,0,0,0.97,0.0,inf,82215,94,0.11,Africa
Croatia,1138278,16004,0,1122274,202,1,0,1.41,0.0,inf,1136500,1778,0.16,Europe
Cuba,1105490,8529,0,1096961,13,0,0,0.77,0.0,inf,1105319,171,0.02,Americas
Curacao (NL),44127,277,0,43850,0,0,0,0.63,0.0,inf,43864,263,0.6,Americas
Cyprus,491777,1067,0,490710,0,0,0,0.22,0.0,inf,489963,1814,0.37,Europe
Czechia,3921844,40295,0,3881549,315,1,0,1.03,0.0,inf,3920299,1545,0.04,Europe
Denmark,3140665,6388,0,3134277,1987,12,0,0.2,0.0,inf,3136896,3769,0.12,Europe
Djibouti,15675,189,0,15486,0,0,0,1.21,0.0,inf,15675,0,0.0,Eastern Mediterranean
Dominica,14295,67,0,14228,0,0,0,0.47,0.0,inf,14184,111,0.78,Americas
Dominican Republic,588408,4379,0,584029,1482,2,0,0.74,0.0,inf,584029,4379,0.75,Americas
Ecuador,885318,35649,0,849669,0,0,0,4.03,0.0,inf,877282,8036,0.92,Americas
Egypt,515645,24719,0,490926,0,0,0,4.79,0.0,inf,515645,0,0.0,Eastern Mediterranean
El Salvador,164134,4133,0,160001,399,0,0,2.52,0.0,inf,162755,1379,0.85,Americas
Equatorial Guinea,15927,183,0,15744,3,0,0,1.15,0.0,inf,15921,6,0.04,Africa
Eritrea,9768,103,0,9665,0,0,0,1.05,0.0,inf,9759,9,0.09,Africa
Estonia,577655,2574,0,575081,785,0,0,0.45,0.0,inf,576870,785,0.14,Europe
Eswatini,72749,1410,0,71339,46,0,0,1.94,0.0,inf,72510,239,0.33,Africa
Ethiopia,475764,7515,0,468249,443,0,0,1.58,0.0,inf,472743,3021,0.64,Africa
Falkland Islands (Malvinas) (UK),1717,0,0,1717,0,0,0,0.0,0.0,0.0,1687,30,1.78,Africa
Faroe Islands (DK),34658,28,0,34630,0,0,0,0.08,0.0,inf,34658,0,0.0,Europe
Fiji,65103,864,0,64239,0,0,0,1.33,0.0,inf,65007,96,0.15,Western Pacific
Finland,1105211,4627,0,1100584,0,0,0,0.42,0.0,inf,1092193,13018,1.19,Europe
France,28903625,145721,0,28757904,3910,116,0,0.5,0.0,inf,28780995,122630,0.43,Europe
French Guiana,83671,397,0,83274,719,0,0,0.47,0.0,inf,82952,719,0.87,Americas
French Polynesia,73014,649,0,72365,0,0,0,0.89,0.0,inf,72951,63,0.09,Western Pacific
Gabon,47677,304,0,47373,0,0,0,0.64,0.0,inf,47650,27,0.06,Africa
Gambia,12002,365,0,11637,0,0,0,3.04,0.0,inf,12002,0,0.0,Africa
Georgia,1655221,16811,0,1638410,0,0,0,1.02,0.0,inf,1655221,0,0.0,Europe
Germany,26583016,139533,0,26443483,84655,145,0,0.52,0.0,inf,26360953,222063,0.84,Europe
Ghana,161841,1445,0,160396,46,0,0,0.89,0.0,inf,161370,471,0.29,Africa
Gibraltar (UK),18560,102,0,18458,0,0,0,0.55,0.0,inf,18419,141,0.77,Europe
Greece,3478779,29951,0,3448828,5638,24,0,0.86,0.0,inf,3453229,25550,0.74,Europe
Greenland (DK),11971,21,0,11950,0,0,0,0.18,0.0,inf,11971,0,0.0,Europe
Grenada,17948,231,0,17717,82,1,0,1.29,0.0,inf,17750,198,1.12,Americas
Guadeloupe (FR),162190,949,0,161241,1827,1,0,0.59,0.0,inf,157865,4325,2.74,Americas
Guatemala,865900,18234,0,847666,1132,10,0,2.11,0.0,inf,861002,4898,0.57,Americas
Guinea,36764,442,0,36322,0,0,0,1.2,0.0,inf,36764,0,0.0,Africa
Guinea-Bissau,8290,171,0,8119,7,0,0,2.06,0.0,inf,8269,21,0.25,Africa
Guyana,65422,1238,0,64184,128,0,0,1.89,0.0,inf,64763,659,1.02,Americas
Haiti,30940,835,0,30105,48,0,0,2.7,0.0,inf,30818,122,0.4,Americas
Holy See,29,0,0,29,0,0,0,0.0,0.0,0.0,29,0,0.0,Europe
Honduras,425471,10900,0,414571,0,0,0,2.56,0.0,inf,425371,100,0.02,Americas
Hungary,1919840,46547,0,1873293,0,0,0,2.42,0.0,inf,1917777,2063,0.11,Europe
Iceland,189319,153,0,189166,395,0,0,0.08,0.0,inf,188291,1028,0.55,Europe
India,43190282,524715,0,42665567,5233,7,0,1.21,0.0,inf,43160832,29450,0.07,South-East Asia
Indonesia,6056017,156604,0,5899413,0,0,0,2.59,0.0,inf,6054973,1044,0.02,South-East Asia
Iran,7232929,141339,0,7091590,139,7,0,1.95,0.0,inf,7232034,895,0.01,Eastern Mediterranean
Iraq,2328957,25221,0,2303736,170,0,0,1.08,0.0,inf,2328154,803,0.03,Eastern Mediterranean
Ireland,1565970,7381,0,1558589,0,0,0,0.47,0.0,inf,1561632,4338,0.28,Europe
Israel,4159589,10867,0,4148722,5031,3,0,0.26,0.0,inf,4138515,21074,0.51,Europe
Italy,17543136,167089,0,17376047,28547,70,0,0.95,0.0,inf,17421410,121726,0.7,Europe
Jamaica,139203,3076,0,136127,174,2,0,2.21,0.0,inf,137266,1937,1.41,Americas
Japan,8960177,30799,0,8929378,17021,26,0,0.34,0.0,inf,8838747,121430,1.37,Western Pacific
Jordan,1697271,14068,0,1683203,0,0,0,0.83,0.0,inf,1696937,334,0.02,Eastern Mediterranean
Kazakhstan,1394997,19016,0,1375981,33,0,0,1.36,0.0,inf,1394867,130,0.01,Europe
Kenya,325797,5651,0,320146,163,0,0,1.73,0.0,inf,324976,821,0.25,Africa
Kiribati,3183,13,0,3170,22,0,0,0.41,0.0,inf,3098,85,2.74,Western Pacific
"Korea, North",1,6,0,-5,0,0,0,600.0,0.0,inf,1,0,0.0,
Kosovo,228397,3139,0,225258,0,0,0,1.37,0.0,inf,228359,38,0.02,Europe
Kuwait,634537,2555,0,631982,470,0,0,0.4,0.0,inf,633225,1312,0.21,Eastern Mediterranean
Kyrgyzstan,200993,2991,0,198002,0,0,0,1.49,0.0,inf,200993,0,0.0,Europe
Laos,210098,756,0,209342,15,0,0,0.36,0.0,inf,209989,109,0.05,Western Pacific
Latvia,829640,5834,0,823806,215,4,0,0.7,0.0,inf,828614,1026,0.12,Europe
Lebanon,1099896,10438,0,1089458,0,1,0,0.95,0.0,inf,1099199,697,0.06,Eastern Mediterranean
Lesotho,33562,699,0,32863,0,0,0,2.08,0.0,inf,33358,204,0.61,Africa
Liberia,7456,294,0,7162,0,0,0,3.94,0.0,inf,7456,0,0.0,Africa
Libya,502040,6430,0,495610,0,0,0,1.28,0.0,inf,502016,24,0.0,Eastern Mediterranean
Liechtenstein,17568,84,0,17484,36,0,0,0.48,0.0,inf,17469,99,0.57,Europe
Lithuania,1063297,9149,0,1054148,191,1,0,0.86,0.0,inf,1062524,773,0.07,Europe
Luxembourg,249319,1079,0,248240,0,0,0,0.43,0.0,inf,247935,1384,0.56,Europe
Madagascar,64478,1396,0,63082,0,0,0,2.17,0.0,inf,64377,101,0.16,Africa
Malawi,86036,2642,0,83394,14,0,0,3.07,0.0,inf,85985,51,0.06,Africa
Malaysia,4517447,35699,0,4481748,1128,9,0,0.79,0.0,inf,4506510,10937,0.24,Western Pacific
Maldives,179837,299,0,179538,0,0,0,0.17,0.0,inf,179753,84,0.05,South-East Asia
Mali,31115,735,0,30380,4,0,0,2.36,0.0,inf,31097,18,0.06,Africa
Malta,95365,723,0,94642,93,0,0,0.76,0.0,inf,94742,623,0.66,Europe
Marshall Islands,18,0,0,18,0,0,0,0.0,0.0,0.0,17,1,5.88,Western Pacific
Martinique (FR),172883,942,0,171941,5367,4,0,0.54,0.0,inf,162163,10720,6.61,Americas
Mauritania,59212,982,0,58230,7,0,0,1.66,0.0,inf,59141,71,0.12,Africa
Mauritius,226851,996,0,225855,0,0,0,0.44,0.0,inf,225862,989,0.44,Africa
Mayotte (FR),37657,187,0,37470,0,0,0,0.5,0.0,inf,37581,76,0.2,Africa
Mexico,5797427,325042,0,5472385,5110,19,0,5.61,0.0,inf,5775977,21450,0.37,Americas
Micronesia,34,0,0,34,0,0,0,0.0,0.0,0.0,30,4,13.33,Western Pacific
Moldova,519001,11544,0,507457,0,0,0,2.22,0.0,inf,518793,208,0.04,Europe
Monaco,12186,57,0,12129,0,0,0,0.47,0.0,inf,12216,-30,-0.25,Europe
Mongolia,925227,2179,0,923048,0,0,0,0.24,0.0,inf,925073,154,0.02,Western Pacific
Montenegro,237634,2720,0,234914,71,0,0,1.14,0.0,inf,237223,411,0.17,Europe
Montserrat (UK),1003,8,0,995,0,0,0,0.8,0.0,inf,980,23,2.35,Americas
Morocco,1171034,16082,0,1154952,607,2,0,1.37,0.0,inf,1168303,2731,0.23,Eastern Mediterranean
Mozambique,226065,2204,0,223861,81,0,0,0.97,0.0,inf,225754,311,0.14,Africa
Namibia,167565,4040,0,163525,0,0,0,2.41,0.0,inf,166363,1202,0.72,Africa
Nepal,979213,11952,0,967261,7,0,0,1.22,0.0,inf,979140,73,0.01,South-East Asia
Netherlands,8095313,22326,0,8072987,1421,0,0,0.28,0.0,inf,8085869,9444,0.12,Europe
New Zealand,1219257,1217,0,1218040,7149,22,0,0.1,0.0,inf,1176490,42767,3.64,Western Pacific
Nicaragua,18491,239,0,18252,0,0,0,1.29,0.0,inf,18491,0,0.0,Americas
Niger,9031,310,0,8721,0,0,0,3.43,0.0,inf,9031,0,0.0,Africa
Nigeria,256227,3148,0,253079,79,0,0,1.23,0.0,inf,256028,199,0.08,Africa
North Macedonia,312345,9311,0,303034,53,2,0,2.98,0.0,inf,311936,409,0.13,Europe
Norway,1435285,3172,0,1432113,389,0,0,0.22,0.0,inf,1433641,1644,0.11,Europe
Oman,389473,4260,0,385213,0,0,0,1.09,0.0,inf,389473,0,0.0,Eastern Mediterranean
Pakistan,1530878,30379,0,1500499,64,0,0,1.98,0.0,inf,1530453,425,0.03,Eastern Mediterranean
Palau,5126,6,0,5120,43,0,0,0.12,0.0,inf,5065,61,1.2,Western Pacific
Panama,879009,8279,0,870730,3523,3,0,0.94,0.0,inf,858268,20741,2.42,Americas
Papua New Guinea,44639,651,0,43988,1,0,0,1.46,0.0,inf,44481,158,0.36,Western Pacific
Paraguay,651268,18911,0,632357,0,0,0,2.9,0.0,inf,650661,607,0.09,Americas
Peru,3586242,213281,0,3372961,861,22,0,5.95,0.0,inf,3580960,5282,0.15,Americas
Philippines,3691892,60456,0,3631436,168,0,0,1.64,0.0,inf,3690581,1311,0.04,Western Pacific
Poland,6009003,116355,0,5892648,338,6,0,1.94,0.0,inf,6007584,1419,0.02,Europe
Portugal,4846230,23411,0,4822819,70701,168,0,0.48,0.0,inf,4683018,163212,3.49,Europe
Qatar,370551,677,0,369874,316,0,0,0.18,0.0,inf,368788,1763,0.48,Eastern Mediterranean
Reunion (FR),416661,784,0,415877,0,0,0,0.19,0.0,inf,414615,2046,0.49,Africa
Romania,2911170,65697,0,2845473,404,4,0,2.26,0.0,inf,2909195,1975,0.07,Europe
Russia,18090459,371986,0,17718473,3194,71,0,2.06,0.0,inf,18063880,26579,0.15,Europe
Rwanda,130215,1459,0,128756,18,0,0,1.12,0.0,inf,130057,158,0.12,Africa
Saint Kitts and Nevis,5811,43,0,5768,2,0,0,0.74,0.0,inf,5729,82,1.43,Americas
Saint Lucia,26234,371,0,25863,28,0,0,1.41,0.0,inf,25593,641,2.5,Americas
Saint Pierre and Miquelon (FR),2762,1,0,2761,14,0,0,0.04,0.0,inf,2748,14,0.51,Americas
Saint Vincent and the Grenadines,8807,108,0,8699,45,0,0,1.23,0.0,inf,8670,137,1.58,Americas
Samoa,13924,27,0,13897,0,0,0,0.19,0.0,inf,13499,425,3.15,Western Pacific
San Marino,17124,115,0,17009,0,0,0,0.67,0.0,inf,17124,0,0.0,Europe
Sao Tome and Principe,6003,73,0,5930,0,0,0,1.22,0.0,inf,5991,12,0.2,Africa
Saudi Arabia,773221,9160,0,764061,952,2,0,1.18,0.0,inf,768079,5142,0.67,Eastern Mediterranean
Senegal,86140,1967,0,84173,3,0,0,2.28,0.0,inf,86111,29,0.03,Africa
Serbia,2019171,16094,0,2003077,281,3,0,0.8,0.0,inf,2017454,1717,0.09,Europe
Seychelles,44199,167,0,44032,0,0,0,0.38,0.0,inf,44016,183,0.42,Africa
Sierra Leone,7682,125,0,7557,0,0,0,1.63,0.0,inf,7682,0,0.0,Africa
Singapore,1325623,1394,0,1324229,4477,1,0,0.11,0.0,inf,1303294,22329,1.71,Western Pacific
Sint Maarten (NL),10434,86,0,10348,81,0,0,0.82,0.0,inf,10353,81,0.78,Americas
Slovakia,2543763,20105,0,2523658,260,1,0,0.79,0.0,inf,2542564,1199,0.05,Europe
Slovenia,1026834,6642,0,1020192,462,0,0,0.65,0.0,inf,1025030,1804,0.18,Europe
Solomon Islands,21237,149,0,21088,0,0,0,0.7,0.0,inf,18174,3063,16.85,Western Pacific
Somalia,26565,1361,0,25204,0,0,0,5.12,0.0,inf,26565,0,0.0,Eastern Mediterranean
South Africa,3970993,101397,0,3869596,2788,80,0,2.55,0.0,inf,3957777,13216,0.33,Africa
South Korea,18188200,24305,0,18163895,13320,6,0,0.13,0.0,inf,18119415,68785,0.38,Western Pacific
South Sudan,17630,138,0,17492,0,0,0,0.78,0.0,inf,17617,13,0.07,Africa
Spain,12436538,106914,0,12329624,33293,117,0,0.86,0.0,inf,12326264,110274,0.89,Europe
Sri Lanka,663895,16518,0,647377,11,0,0,2.49,0.0,inf,663834,61,0.01,South-East Asia
Sudan,62399,4942,0,57457,17,0,0,7.92,0.0,inf,62355,44,0.07,Eastern Mediterranean
Summer Olympics 2020,865,0,0,865,0,0,0,0.0,0.0,0.0,865,0,0.0,
Suriname,80673,1352,0,79321,126,2,0,1.68,0.0,inf,80547,126,0.16,Americas
Sweden,2509366,19014,0,2490352,0,0,0,0.76,0.0,inf,2507948,1418,0.06,Europe
Switzerland,3685281,13809,0,3671472,10295,5,0,0.37,0.0,inf,3674986,10295,0.28,Europe
Syria,55899,3150,0,52749,1,0,0,5.64,0.0,inf,55892,7,0.01,Eastern Mediterranean
Taiwan*,2540871,3214,0,2537657,82990,124,0,0.13,0.0,inf,2032983,507888,24.98,Western Pacific
Tajikistan,17786,125,0,17661,0,0,0,0.7,0.0,inf,17786,0,0.0,Europe
Tanzania,35354,840,0,34514,0,0,0,2.38,0.0,inf,35354,0,0.0,Africa
Thailand,4473867,30239,0,4443628,2688,21,0,0.68,0.0,inf,4455020,18847,0.42,South-East Asia
Timor-Leste,22928,133,0,22795,1,1,0,0.58,0.0,inf,22915,13,0.06,South-East Asia
Togo,37142,273,0,36869,11,0,0,0.74,0.0,inf,37095,47,0.13,Africa
Tonga,11890,12,0,11878,121,0,0,0.1,0.0,inf,11644,246,2.11,Western Pacific
Trinidad and Tobago,163178,3947,0,159231,233,4,0,2.42,0.0,inf,161584,1594,0.99,Americas
Tunisia,1043540,28648,0,1014892,668,7,0,2.75,0.0,inf,1042872,668,0.06,Eastern Mediterranean
Turkey,15072747,98965,0,14973782,0,0,0,0.66,0.0,inf,15072747,0,0.0,Europe
Turks and Caicos Islands (UK),6148,36,0,6112,0,0,0,0.59,0.0,inf,6123,25,0.41,Americas
US,85003945,1009326,0,83994619,121658,469,0,1.19,0.0,inf,84228228,775717,0.92,Americas
Uganda,165734,3602,0,162132,34,0,0,2.17,0.0,inf,164366,1368,0.83,Africa
Ukraine,5040518,112459,0,4928059,0,0,0,2.23,0.0,inf,5040518,0,0.0,Europe
United Arab Emirates,912086,2305,0,909781,572,0,0,0.25,0.0,inf,908205,3881,0.43,Eastern Mediterranean
United Kingdom,22473809,179419,0,22294390,10237,132,0,0.8,0.0,inf,22424498,49311,0.22,Europe
Uruguay,934961,7262,0,927699,9184,24,0,0.78,0.0,inf,925777,9184,0.99,Americas
Uzbekistan,239141,1637,0,237504,6,0,0,0.68,0.0,inf,239028,113,0.05,Europe
Vanuatu,10239,14,0,10225,178,0,0,0.14,0.0,inf,9088,1151,12.67,Western Pacific
Venezuela,523969,5722,0,518247,32,0,0,1.09,0.0,inf,523654,315,0.06,Americas
Vietnam,10727005,43081,0,10683924,960,0,0,0.4,0.0,inf,10719379,7626,0.07,Western Pacific
West Bank and Gaza,657879,5660,0,652219,174,0,0,0.86,0.0,inf,657705,174,0.03,Eastern Mediterranean
Winter Olympics 2022,535,0,0,535,0,0,0,0.0,0.0,0.0,535,0,0.0,
Yemen,11822,2149,0,9673,0,0,0,18.18,0.0,inf,11822,0,0.0,Eastern Mediterranean
Zambia,322562,3988,0,318574,355,0,0,1.24,0.0,inf,321779,783,0.24,Africa
Zimbabwe,253637,5515,0,248122,129,2,0,2.17,0.0,inf,252398,1239,0.49,Africa
