Country,Confirmed,Deaths,Recovered,Active,New cases,New deaths,New recovered,Deaths / 100 Cases,Recovered / 100 Cases,Deaths / 100 Recovered,Confirmed last week,1 week change,1 week % increase,WHO Region
Afghanistan,186393,7752,0,178641,273,1,0,4.16,0.0,inf,185272,1121,0.61,Eastern Mediterranean
Albania,314561,3551,0,311010,979,1,0,1.13,0.0,inf,308050,6511,2.11,Europe
Algeria,267777,6876,0,260901,120,0,0,2.57,0.0,inf,267096,681,0.25,Africa
Andorra,45793,154,0,45639,285,1,0,0.34,0.0,inf,45326,467,1.03,Europe
Angola,102301,1912,0,100389,0,0,0,1.87,0.0,inf,102301,0,0.0,Africa
Anguilla (UK),3620,10,0,3610,40,0,0,0.28,0.0,inf,3580,40,1.12,Americas
Antarctica,11,0,0,11,0,0,0,0.0,0.0,0.0,11,0,0.0,
Antigua and Barbuda,8773,144,0,8629,0,0,0,1.64,0.0,inf,8741,32,0.37,Americas
Argentina,9560307,129369,0,9430938,0,0,0,1.35,0.0,inf,9507562,52745,0.55,Americas
Armenia,426799,8635,0,418164,0,0,0,2.02,0.0,inf,425365,1434,0.34,Europe
Aruba (NL),42286,226,0,42060,69,0,0,0.53,0.0,inf,42080,206,0.49,Americas
Australia,9554438,12111,0,9542327,37214,85,0,0.13,0.0,inf,9282271,272167,2.93,Western Pacific
Austria,4807205,20390,0,4786815,7879,24,0,0.42,0.0,inf,4753092,54113,1.14,Europe
Azerbaijan,799983,9752,0,790231,512,0,0,1.22,0.0,inf,797281,2702,0.34,Europe
Bahamas,36745,822,0,35923,15,0,0,2.24,0.0,inf,36633,112,0.31,Americas
Bahrain,661116,1511,0,659605,476,1,0,0.23,0.0,inf,657669,3447,0.52,Eastern Mediterranean
Bangladesh,2006368,29298,0,1977070,375,3,0,1.46,0.0,inf,2003570,2798,0.14,South-East Asia
Barbados,92841,495,0,92346,325,0,0,0.53,0.0,inf,90934,1907,2.1,Americas
Belarus,994037,7118,0,986919,0,0,0,0.72,0.0,inf,994037,0,0.0,Europe
Belgium,4425201,32263,0,4392938,0,0,0,0.73,0.0,inf,4398161,27040,0.61,Europe
Belize,67309,680,0,66629,198,0,0,1.01,0.0,inf,66857,452,0.68,Americas
Benin,27316,163,0,27153,0,0,0,0.6,0.0,inf,27271,45,0.17,Africa
Bhutan,60530,21,0,60509,0,0,0,0.03,0.0,inf,60368,162,0.27,South-East Asia
Bolivia,1047198,22072,0,1025126,0,0,0,2.11,0.0,inf,1020678,26520,2.6,Americas
Bosnia and Herzegovina,386474,15883,0,370591,462,15,0,4.11,0.0,inf,384390,2084,0.54,Europe
Botswana,325470,2770,0,322700,0,0,0,0.85,0.0,inf,325181,289,0.09,Africa
Brazil,33924061,679275,0,33244786,33633,265,0,2.0,0.0,inf,33704393,219668,0.65,Americas
British Virgin Islands (UK),7131,63,0,7068,0,0,0,0.88,0.0,inf,7131,0,0.0,Americas
Brunei,211132,225,0,210907,715,0,0,0.11,0.0,inf,203185,7947,3.91,Western Pacific
Bulgaria,1213429,37420,0,1176009,1701,6,0,3.08,0.0,inf,1202494,10935,0.91,Europe
Burkina Faso,21128,387,0,20741,0,0,0,1.83,0.0,inf,21128,0,0.0,Africa
Burma,614146,19434,0,594712,18,0,0,3.16,0.0,inf,613991,155,0.03,South-East Asia
Burundi,46275,38,0,46237,124,0,0,0.08,0.0,inf,44437,1838,4.14,Africa
Cabo Verde,62184,410,0,61774,12,0,0,0.66,0.0,inf,62114,70,0.11,Africa
Cambodia,136908,3056,0,133852,40,0,0,2.23,0.0,inf,136631,277,0.2,Western Pacific
Cameroon,120215,1931,0,118284,0,0,0,1.61,0.0,inf,120215,0,0.0,Africa
Canada,4102523,42999,0,4059524,3162,31,0,1.05,0.0,inf,4074964,27559,0.68,Americas
Cayman Islands (UK),29109,29,0,29080,0,0,0,0.1,0.0,inf,28784,325,1.13,Americas
Central African Republic,14772,113,0,14659,0,0,0,0.76,0.0,inf,14712,60,0.41,Africa
Chad,7437,193,0,7244,0,0,0,2.6,0.0,inf,7432,5,0.07,Africa
Chile,4262916,59633,0,4203283,9860,4,0,1.4,0.0,inf,4204824,58092,1.38,Americas
China,2274979,14756,0,2260223,4968,4,0,0.65,0.0,inf,2240160,34819,1.55,Western Pacific
Colombia,6265798,140845,0,6124953,0,0,0,2.25,0.0,inf,6247634,18164,0.29,Americas
Comoros,8329,160,0,8169,0,0,0,1.92,0.0,inf,8301,28,0.34,Africa
Congo (Brazzaville),24775,386,0,24389,0,0,0,1.56,0.0,inf,24604,171,0.7,Africa
Congo (Kinshasa),92173,1390,0,90783,0,0,0,1.51,0.0,inf,92173,0,0.0,Africa
Costa Rica,1044385,8740,0,1035645,0,0,0,0.84,0.0,inf,1028375,16010,1.56,Americas
Cote d'Ivoire,85520,811,0,84709,76,0,0,0.95,0.0,inf,85055,465,0.55,Africa
Croatia,1189593,16350,0,1173243,1768,14,0,1.37,0.0,inf,1180857,8736,0.74,Europe
Cuba,1108361,8529,0,1099832,100,0,0,0.77,0.0,inf,1107708,653,0.06,Americas
Curacao (NL),45127,282,0,44845,0,0,0,0.62,0.0,inf,45063,64,0.14,Americas
Cyprus,562911,1115,0,561796,0,0,0,0.2,0.0,inf,556048,6863,1.23,Europe
Czechia,3994274,40531,0,3953743,2680,13,0,1.01,0.0,inf,3978708,15566,0.39,Europe
Denmark,3237406,6687,0,3230719,1830,5,0,0.21,0.0,inf,3226717,10689,0.33,Europe
Djibouti,15690,189,0,15501,0,0,0,1.2,0.0,inf,15690,0,0.0,Eastern Mediterranean
Dominica,14852,68,0,14784,0,0,0,0.46,0.0,inf,14852,0,0.0,Americas
Dominican Republic,631040,4383,0,626657,1397,0,0,0.69,0.0,inf,626611,4429,0.71,Americas
Ecuador,973870,35810,0,938060,10202,9,0,3.68,0.0,inf,955583,18287,1.91,Americas
Egypt,515645,24775,0,490870,0,0,0,4.8,0.0,inf,515645,0,0.0,Eastern Mediterranean
El Salvador,190818,4204,0,186614,0,3,0,2.2,0.0,inf,190818,0,0.0,Americas
Equatorial Guinea,16741,183,0,16558,0,0,0,1.09,0.0,inf,16708,33,0.2,Africa
Eritrea,10087,103,0,9984,13,0,0,1.02,0.0,inf,9980,107,1.07,Africa
Estonia,591377,2628,0,588749,0,0,0,0.44,0.0,inf,586399,4978,0.85,Europe
Eswatini,73290,1417,0,71873,6,0,0,1.93,0.0,inf,73267,23,0.03,Africa
Ethiopia,492375,7568,0,484807,59,0,0,1.54,0.0,inf,491979,396,0.08,Africa
Falkland Islands (Malvinas) (UK),1839,0,0,1839,0,0,0,0.0,0.0,0.0,1835,4,0.22,Africa
Faroe Islands (DK),34658,28,0,34630,0,0,0,0.08,0.0,inf,34658,0,0.0,Europe
Fiji,67673,873,0,66800,0,0,0,1.29,0.0,inf,67356,317,0.47,Western Pacific
Finland,1171034,5012,0,1166022,0,0,0,0.43,0.0,inf,1171034,0,0.0,Europe
France,33129287,149365,0,32979922,38876,90,0,0.45,0.0,inf,32869197,260090,0.79,Europe
French Guiana,92575,407,0,92168,0,0,0,0.44,0.0,inf,91812,763,0.83,Americas
French Polynesia,75654,649,0,75005,214,0,0,0.86,0.0,inf,74998,656,0.87,Western Pacific
Gabon,48511,306,0,48205,0,0,0,0.63,0.0,inf,48417,94,0.19,Africa
Gambia,12149,368,0,11781,34,0,0,3.03,0.0,inf,12078,71,0.59,Africa
Georgia,1698020,16869,0,1681151,11802,10,0,0.99,0.0,inf,1686218,11802,0.7,Europe
Germany,31119199,144552,0,30974647,74645,192,0,0.46,0.0,inf,30702511,416688,1.36,Europe
Ghana,168127,1457,0,166670,0,0,0,0.87,0.0,inf,167215,912,0.55,Africa
Gibraltar (UK),19938,105,0,19833,0,0,0,0.53,0.0,inf,19902,36,0.18,Europe
Greece,4474616,31377,0,4443239,0,0,0,0.7,0.0,inf,4349423,125193,2.88,Europe
Greenland (DK),11971,21,0,11950,0,0,0,0.18,0.0,inf,11971,0,0.0,Europe
Grenada,18786,234,0,18552,0,0,0,1.25,0.0,inf,18768,18,0.1,Americas
Guadeloupe (FR),186380,971,0,185409,0,0,0,0.52,0.0,inf,183018,3362,1.84,Americas
Guatemala,1048193,19070,0,1029123,3278,6,0,1.82,0.0,inf,1027805,20388,1.98,Americas
Guinea,37408,445,0,36963,0,0,0,1.19,0.0,inf,37358,50,0.13,Africa
Guinea-Bissau,8440,174,0,8266,0,0,0,2.06,0.0,inf,8412,28,0.33,Africa
Guyana,69948,1271,0,68677,102,0,0,1.82,0.0,inf,69620,328,0.47,Americas
Haiti,32296,838,0,31458,24,0,0,2.59,0.0,inf,32223,73,0.23,Americas
Holy See,29,0,0,29,0,0,0,0.0,0.0,0.0,29,0,0.0,Europe
Honduras,442319,10939,0,431380,0,0,0,2.47,0.0,inf,438050,4269,0.97,Americas
Hungary,1987321,46886,0,1940435,21840,96,0,2.36,0.0,inf,1965481,21840,1.11,Europe
Iceland,202502,179,0,202323,0,0,0,0.09,0.0,inf,201648,854,0.42,Europe
India,44087037,526530,0,43560507,19893,53,0,1.19,0.0,inf,43959321,127716,0.29,South-East Asia
Indonesia,6222788,157046,0,6065742,6167,18,0,2.52,0.0,inf,6185311,37477,0.61,South-East Asia
Iran,7418615,142209,0,7276406,8540,75,0,1.92,0.0,inf,7359489,59126,0.8,Eastern Mediterranean
Iraq,2448484,25321,0,2423163,1252,3,0,1.03,0.0,inf,2438101,10383,0.43,Eastern Mediterranean
Ireland,1647605,7700,0,1639905,3439,25,0,0.47,0.0,inf,1644166,3439,0.21,Europe
Israel,4592569,11399,0,4581170,3284,0,0,0.25,0.0,inf,4567884,24685,0.54,Europe
Italy,21170600,172568,0,20998032,45956,171,0,0.82,0.0,inf,20837233,333367,1.6,Europe
Jamaica,146608,3198,0,143410,67,3,0,2.18,0.0,inf,145803,805,0.55,Americas
Japan,13379386,33015,0,13346371,249708,169,0,0.25,0.0,inf,11904980,1474406,12.38,Western Pacific
Jordan,1715296,14083,0,1701213,0,0,0,0.82,0.0,inf,1709879,5417,0.32,Eastern Mediterranean
Kazakhstan,1449679,19025,0,1430654,5512,2,0,1.31,0.0,inf,1427536,22143,1.55,Europe
Kenya,337734,5672,0,332062,45,0,0,1.68,0.0,inf,337456,278,0.08,Africa
Kiribati,3430,13,0,3417,0,0,0,0.38,0.0,inf,3430,0,0.0,Western Pacific
"Korea, North",1,6,0,-5,0,0,0,600.0,0.0,inf,1,0,0.0,
Kosovo,257335,3173,0,254162,1562,2,0,1.23,0.0,inf,248897,8438,3.39,Europe
Kuwait,653730,2559,0,651171,0,0,0,0.39,0.0,inf,653730,0,0.0,Eastern Mediterranean
Kyrgyzstan,203776,2991,0,200785,0,0,0,1.47,0.0,inf,202685,1091,0.54,Europe
Laos,211441,757,0,210684,66,0,0,0.36,0.0,inf,210963,478,0.23,Western Pacific
Latvia,867809,5900,0,861909,1775,1,0,0.68,0.0,inf,858728,9081,1.06,Europe
Lebanon,1179481,10538,0,1168943,2643,2,0,0.89,0.0,inf,1164395,15086,1.3,Eastern Mediterranean
Lesotho,34040,702,0,33338,0,0,0,2.06,0.0,inf,34040,0,0.0,Africa
Liberia,7538,294,0,7244,0,0,0,3.9,0.0,inf,7508,30,0.4,Africa
Libya,505220,6432,0,498788,223,1,0,1.27,0.0,inf,503611,1609,0.32,Eastern Mediterranean
Liechtenstein,18774,86,0,18688,18,0,0,0.46,0.0,inf,18642,132,0.71,Europe
Lithuania,1187213,9211,0,1178002,1630,1,0,0.78,0.0,inf,1179372,7841,0.66,Europe
Luxembourg,283214,1113,0,282101,285,0,0,0.39,0.0,inf,281271,1943,0.69,Europe
Madagascar,66491,1408,0,65083,0,0,0,2.12,0.0,inf,66416,75,0.11,Africa
Malawi,87514,2669,0,84845,38,2,0,3.05,0.0,inf,87323,191,0.22,Africa
Malaysia,4692800,35995,0,4656805,5330,10,0,0.77,0.0,inf,4664213,28587,0.61,Western Pacific
Maldives,184485,307,0,184178,0,0,0,0.17,0.0,inf,184302,183,0.1,South-East Asia
Mali,31232,739,0,30493,2,0,0,2.37,0.0,inf,31217,15,0.05,Africa
Malta,113056,795,0,112261,83,1,0,0.7,0.0,inf,112533,523,0.46,Europe
Marshall Islands,66,0,0,66,0,0,0,0.0,0.0,0.0,59,7,11.86,Western Pacific
Martinique (FR),211572,998,0,210574,0,0,0,0.47,0.0,inf,209858,1714,0.82,Americas
Mauritania,62615,992,0,61623,23,0,0,1.58,0.0,inf,62457,158,0.25,Africa
Mauritius,244850,1013,0,243837,0,0,0,0.41,0.0,inf,241165,3685,1.53,Africa
Mayotte (FR),39344,187,0,39157,385,0,0,0.48,0.0,inf,38653,691,1.79,Africa
Mexico,6803190,328006,0,6475184,20210,123,0,4.82,0.0,inf,6686954,116236,1.74,Americas
Micronesia,6291,11,0,6280,847,1,0,0.17,0.0,inf,2769,3522,127.19,Western Pacific
Moldova,541715,11630,0,530085,9528,22,0,2.15,0.0,inf,532187,9528,1.79,Europe
Monaco,14138,61,0,14077,9,0,0,0.43,0.0,inf,14014,124,0.88,Europe
Mongolia,951735,2120,0,949615,3314,1,0,0.22,0.0,inf,939010,12725,1.36,Western Pacific
Montenegro,261934,2751,0,259183,909,2,0,1.05,0.0,inf,255580,6354,2.49,Europe
Montserrat (UK),1068,8,0,1060,14,0,0,0.75,0.0,inf,1045,23,2.2,Americas
Morocco,1261816,16248,0,1245568,317,6,0,1.29,0.0,inf,1259420,2396,0.19,Eastern Mediterranean
Mozambique,229645,2216,0,227429,22,1,0,0.96,0.0,inf,229443,202,0.09,Africa
Namibia,169253,4072,0,165181,0,0,0,2.41,0.0,inf,169253,0,0.0,Africa
Nepal,988327,11968,0,976359,590,0,0,1.21,0.0,inf,984893,3434,0.35,South-East Asia
Netherlands,8344743,22506,0,8322237,2916,6,0,0.27,0.0,inf,8324286,20457,0.25,Europe
New Zealand,1648456,1604,0,1646852,6355,14,0,0.1,0.0,inf,1576781,71675,4.55,Western Pacific
Nicaragua,14807,244,0,14563,0,0,0,1.65,0.0,inf,14807,0,0.0,Americas
Niger,9115,311,0,8804,1,0,0,3.41,0.0,inf,9104,11,0.12,Africa
Nigeria,261473,3147,0,258326,0,0,0,1.2,0.0,inf,260764,709,0.27,Africa
North Macedonia,329172,9381,0,319791,177,4,0,2.85,0.0,inf,325279,3893,1.2,Europe
Norway,1456493,3623,0,1452870,225,0,0,0.25,0.0,inf,1455162,1331,0.09,Europe
Oman,395737,4628,0,391109,0,0,0,1.17,0.0,inf,395737,0,0.0,Eastern Mediterranean
Pakistan,1557134,30503,0,1526631,689,4,0,1.96,0.0,inf,1551871,5263,0.34,Eastern Mediterranean
Palau,5308,6,0,5302,0,0,0,0.11,0.0,inf,5308,0,0.0,Western Pacific
Panama,954369,8425,0,945944,0,0,0,0.88,0.0,inf,948473,5896,0.62,Americas
Papua New Guinea,44798,663,0,44135,1,0,0,1.48,0.0,inf,44776,22,0.05,Western Pacific
Paraguay,707109,19220,0,687889,0,0,0,2.72,0.0,inf,701060,6049,0.86,Americas
Peru,3932838,214431,0,3718407,9094,24,0,5.45,0.0,inf,3873702,59136,1.53,Americas
Philippines,3785869,60762,0,3725107,3047,13,0,1.6,0.0,inf,3760488,25381,0.67,Western Pacific
Poland,6080398,116608,0,5963790,4471,16,0,1.92,0.0,inf,6058462,21936,0.36,Europe
Portugal,5353103,24645,0,5328458,3885,10,0,0.46,0.0,inf,5333656,19447,0.36,Europe
Qatar,411405,681,0,410724,837,0,0,0.17,0.0,inf,405312,6093,1.5,Eastern Mediterranean
Reunion (FR),434924,832,0,434092,0,0,0,0.19,0.0,inf,429237,5687,1.32,Africa
Romania,3089651,66090,0,3023561,9106,41,0,2.14,0.0,inf,3033866,55785,1.84,Europe
Russia,18365348,374807,0,17990541,14484,42,0,2.04,0.0,inf,18283628,81720,0.45,Europe
Rwanda,132280,1466,0,130814,13,0,0,1.11,0.0,inf,132198,82,0.06,Africa
Saint Kitts and Nevis,6467,46,0,6421,3,0,0,0.71,0.0,inf,6442,25,0.39,Americas
Saint Lucia,27966,385,0,27581,0,0,0,1.38,0.0,inf,27755,211,0.76,Americas
Saint Pierre and Miquelon (FR),3083,1,0,3082,0,0,0,0.03,0.0,inf,3026,57,1.88,Americas
Saint Vincent and the Grenadines,9370,115,0,9255,0,0,0,1.23,0.0,inf,9330,40,0.43,Americas
Samoa,15405,29,0,15376,0,0,0,0.19,0.0,inf,15374,31,0.2,Western Pacific
San Marino,19965,118,0,19847,23,0,0,0.59,0.0,inf,19752,213,1.08,Europe
Sao Tome and Principe,6115,75,0,6040,0,0,0,1.23,0.0,inf,6100,15,0.25,Africa
Saudi Arabia,810394,9255,0,801139,207,0,0,1.14,0.0,inf,808742,1652,0.2,Eastern Mediterranean
Senegal,87479,1968,0,85511,34,0,0,2.25,0.0,inf,87194,285,0.33,Africa
Serbia,2142148,16313,0,2125835,6196,17,0,0.76,0.0,inf,2101168,40980,1.95,Europe
Seychelles,45540,168,0,45372,0,0,0,0.37,0.0,inf,45429,111,0.24,Africa
Sierra Leone,7735,125,0,7610,1,0,0,1.62,0.0,inf,7731,4,0.05,Africa
Singapore,1728995,1528,0,1727467,0,4,0,0.09,0.0,inf,1685889,43106,2.56,Western Pacific
Sint Maarten (NL),10765,87,0,10678,0,0,0,0.81,0.0,inf,10741,24,0.22,Americas
Slovakia,2584276,20236,0,2564040,1483,4,0,0.78,0.0,inf,2576509,7767,0.3,Europe
Slovenia,1088205,6705,0,1081500,1868,3,0,0.62,0.0,inf,1077189,11016,1.02,Europe
Solomon Islands,21544,153,0,21391,0,0,0,0.71,0.0,inf,21544,0,0.0,Western Pacific
Somalia,27020,1361,0,25659,0,0,0,5.04,0.0,inf,26957,63,0.23,Eastern Mediterranean
South Africa,4004555,101982,0,3902573,0,0,0,2.55,0.0,inf,4002981,1574,0.04,Africa
South Korea,20160154,25144,0,20135010,107849,34,0,0.12,0.0,inf,19535242,624912,3.2,Western Pacific
South Sudan,17780,138,0,17642,0,0,0,0.78,0.0,inf,17733,47,0.27,Africa
Spain,13245996,110713,0,13135283,0,0,0,0.84,0.0,inf,13203228,42768,0.32,Europe
Sri Lanka,666086,16574,0,649512,122,8,0,2.49,0.0,inf,665094,992,0.15,South-East Asia
Sudan,63074,4958,0,58116,0,0,0,7.86,0.0,inf,63006,68,0.11,Eastern Mediterranean
Summer Olympics 2020,865,0,0,865,0,0,0,0.0,0.0,0.0,865,0,0.0,
Suriname,80982,1380,0,79602,0,0,0,1.7,0.0,inf,80966,16,0.02,Americas
Sweden,2539715,19358,0,2520357,0,0,0,0.76,0.0,inf,2533978,5737,0.23,Europe
Switzerland,3972622,13917,0,3958705,0,17,0,0.35,0.0,inf,3949259,23363,0.59,Europe
Syria,56419,3150,0,53269,33,0,0,5.58,0.0,inf,56214,205,0.36,Eastern Mediterranean
Taiwan*,4652186,9026,0,4643160,23892,32,0,0.19,0.0,inf,4498416,153770,3.42,Western Pacific
Tajikistan,17786,125,0,17661,0,0,0,0.7,0.0,inf,17786,0,0.0,Europe
Tanzania,37865,841,0,37024,355,0,0,2.22,0.0,inf,37510,355,0.95,Africa
Thailand,4598725,31492,0,4567233,2166,29,0,0.68,0.0,inf,4584070,14655,0.32,South-East Asia
Timor-Leste,23024,133,0,22891,5,0,0,0.58,0.0,inf,22991,33,0.14,South-East Asia
Togo,38125,280,0,37845,21,0,0,0.73,0.0,inf,37998,127,0.33,Africa
Tonga,12554,12,0,12542,0,0,0,0.1,0.0,inf,12539,15,0.12,Western Pacific
Trinidad and Tobago,171906,4057,0,167849,316,4,0,2.36,0.0,inf,170710,1196,0.7,Americas
Tunisia,1134660,29105,0,1105555,5967,64,0,2.57,0.0,inf,1128693,5967,0.53,Eastern Mediterranean
Turkey,15889495,99341,0,15790154,0,0,0,0.63,0.0,inf,15524071,365424,2.35,Europe
Turks and Caicos Islands (UK),6328,36,0,6292,25,0,0,0.57,0.0,inf,6303,25,0.4,Americas
US,91794811,1032097,0,90762714,205725,1115,0,1.12,0.0,inf,90979385,815426,0.9,Americas
Uganda,169340,3628,0,165712,0,0,0,2.14,0.0,inf,169162,178,0.11,Africa
Ukraine,5295103,116466,0,5178637,154,1,0,2.2,0.0,inf,5292020,3083,0.06,Europe
United Arab Emirates,994693,2335,0,992358,1009,0,0,0.23,0.0,inf,986747,7946,0.81,Eastern Mediterranean
United Kingdom,23512250,185507,0,23326743,64955,1109,0,0.79,0.0,inf,23446833,65417,0.28,Europe
Uruguay,971728,7415,0,964313,0,0,0,0.76,0.0,inf,969803,1925,0.2,Americas
Uzbekistan,243195,1637,0,241558,33,0,0,0.67,0.0,inf,242879,316,0.13,Europe
Vanuatu,11730,14,0,11716,0,0,0,0.12,0.0,inf,11723,7,0.06,Western Pacific
Venezuela,536586,5763,0,530823,500,0,0,1.07,0.0,inf,533379,3207,0.6,Americas
Vietnam,10785122,43094,0,10742028,2096,0,0,0.4,0.0,inf,10772980,12142,0.11,Western Pacific
West Bank and Gaza,691065,5688,0,685377,0,0,0,0.82,0.0,inf,682096,8969,1.31,Eastern Mediterranean
Winter Olympics 2022,535,0,0,535,0,0,0,0.0,0.0,0.0,535,0,0.0,
Yemen,11877,2151,0,9726,0,0,0,18.11,0.0,inf,11849,28,0.24,Eastern Mediterranean
Zambia,330575,4015,0,326560,0,0,0,1.21,0.0,inf,329483,1092,0.33,Africa
Zimbabwe,256423,5579,0,250844,20,1,0,2.18,0.0,inf,256315,108,0.04,Africa
