Country,Confirmed,Deaths,Recovered,Active,New cases,New deaths,New recovered,Deaths / 100 Cases,Recovered / 100 Cases,Deaths / 100 Recovered,Confirmed last week,1 week change,1 week % increase,WHO Region
Afghanistan,209153,7896,0,201257,46,0,0,3.78,0.0,inf,209011,142,0.07,Eastern Mediterranean
Albania,334315,3596,0,330719,1,0,0,1.08,0.0,inf,334255,60,0.02,Europe
Algeria,271426,6881,0,264545,1,0,0,2.54,0.0,inf,271409,17,0.01,Africa
Andorra,47866,165,0,47701,0,0,0,0.34,0.0,inf,47860,6,0.01,Europe
Angola,105184,1931,0,103253,0,0,0,1.84,0.0,inf,105184,0,0.0,Africa
Anguilla (UK),3904,12,0,3892,0,0,0,0.31,0.0,inf,3904,0,0.0,Americas
Antarctica,11,0,0,11,0,0,0,0.0,0.0,0.0,11,0,0.0,
Antigua and Barbuda,9106,146,0,8960,0,0,0,1.6,0.0,inf,9106,0,0.0,Americas
Argentina,10043308,130458,0,9912850,1172,10,0,1.3,0.0,inf,10042136,1172,0.01,Americas
Armenia,446332,8719,0,437613,0,0,0,1.95,0.0,inf,446332,0,0.0,Europe
Aruba (NL),44026,282,0,43744,0,0,0,0.64,0.0,inf,44026,0,0.0,Americas
Australia,11347698,19265,0,11328433,0,0,0,0.17,0.0,inf,11330342,17356,0.15,Western Pacific
Austria,5866420,21820,0,5844600,2939,0,0,0.37,0.0,inf,5832119,34301,0.59,Europe
Azerbaijan,828358,10103,0,818255,6,0,0,1.22,0.0,inf,828235,123,0.01,Europe
Bahamas,37491,833,0,36658,0,0,0,2.22,0.0,inf,37491,0,0.0,Americas
Bahrain,704738,1548,0,703190,247,0,0,0.22,0.0,inf,700835,3903,0.56,Eastern Mediterranean
Bangladesh,2037738,29445,0,2008293,0,0,0,1.44,0.0,inf,2037688,50,0.0,South-East Asia
Barbados,106434,573,0,105861,0,0,0,0.54,0.0,inf,106434,0,0.0,Americas
Belarus,994037,7118,0,986919,0,0,0,0.72,0.0,inf,994037,0,0.0,Europe
Belgium,4708273,33663,0,4674610,0,0,0,0.71,0.0,inf,4700949,7324,0.16,Europe
Belize,70740,688,0,70052,19,0,0,0.97,0.0,inf,70721,19,0.03,Americas
Benin,27990,163,0,27827,0,0,0,0.58,0.0,inf,27990,0,0.0,Africa
Bhutan,62611,21,0,62590,0,0,0,0.03,0.0,inf,62611,0,0.0,South-East Asia
Bolivia,1192204,22362,0,1169842,312,3,0,1.88,0.0,inf,1191172,1032,0.09,Americas
Bosnia and Herzegovina,401527,16267,0,385260,0,0,0,4.05,0.0,inf,401472,55,0.01,Europe
Botswana,329662,2801,0,326861,67,0,0,0.85,0.0,inf,329595,67,0.02,Africa
Brazil,36987682,698050,0,36289632,0,0,0,1.89,0.0,inf,36953492,34190,0.09,Americas
British Virgin Islands (UK),7305,64,0,7241,0,0,0,0.88,0.0,inf,7305,0,0.0,Americas
Brunei,277441,225,0,277216,0,0,0,0.08,0.0,inf,276825,616,0.22,Western Pacific
Bulgaria,1296299,38206,0,1258093,99,2,0,2.95,0.0,inf,1295958,341,0.03,Europe
Burkina Faso,22056,396,0,21660,0,0,0,1.8,0.0,inf,22056,0,0.0,Africa
Burma,633901,19490,0,614411,0,0,0,3.07,0.0,inf,633867,34,0.01,South-East Asia
Burundi,53609,38,0,53571,0,0,0,0.07,0.0,inf,53574,35,0.07,Africa
Cabo Verde,63239,413,0,62826,1,0,0,0.65,0.0,inf,63235,4,0.01,Africa
Cambodia,138708,3056,0,135652,0,0,0,2.2,0.0,inf,138705,3,0.0,Western Pacific
Cameroon,124328,1965,0,122363,335,0,0,1.58,0.0,inf,123993,335,0.27,Africa
Canada,4593116,51217,0,4541899,1927,84,0,1.12,0.0,inf,4581560,11556,0.25,Americas
Cayman Islands (UK),31472,37,0,31435,0,0,0,0.12,0.0,inf,31472,0,0.0,Americas
Central African Republic,15368,113,0,15255,0,0,0,0.74,0.0,inf,15368,0,0.0,Africa
Chad,7675,194,0,7481,14,0,0,2.53,0.0,inf,7661,14,0.18,Africa
Chile,5150626,64102,0,5086524,1325,17,0,1.24,0.0,inf,5139804,10822,0.21,Americas
China,4903521,101034,0,4802487,0,3,0,2.06,0.0,inf,4903517,4,0.0,Western Pacific
Colombia,6356468,142296,0,6214172,0,0,0,2.24,0.0,inf,6355637,831,0.01,Americas
Comoros,8997,161,0,8836,0,0,0,1.79,0.0,inf,8992,5,0.06,Africa
Congo (Brazzaville),25073,388,0,24685,0,0,0,1.55,0.0,inf,25073,0,0.0,Africa
Congo (Kinshasa),95646,1464,0,94182,0,0,0,1.53,0.0,inf,95646,0,0.0,Africa
Costa Rica,1194584,9195,0,1185389,0,0,0,0.77,0.0,inf,1190377,4207,0.35,Americas
Cote d'Ivoire,88114,834,0,87280,5,0,0,0.95,0.0,inf,88064,50,0.06,Africa
Croatia,1268604,17950,0,1250654,9,5,0,1.41,0.0,inf,1268232,372,0.03,Europe
Cuba,1112553,8530,0,1104023,5,0,0,0.77,0.0,inf,1112523,30,0.0,Americas
Curacao (NL),45986,301,0,45685,0,0,0,0.65,0.0,inf,45986,0,0.0,Americas
Cyprus,647031,1297,0,645734,0,0,0,0.2,0.0,inf,645515,1516,0.23,Europe
Czechia,4601177,42380,0,4558797,107,5,0,0.92,0.0,inf,4595426,5751,0.13,Europe
Denmark,3402426,8237,0,3394189,308,9,0,0.24,0.0,inf,3401570,856,0.03,Europe
Djibouti,15690,189,0,15501,0,0,0,1.2,0.0,inf,15690,0,0.0,Eastern Mediterranean
Dominica,15760,74,0,15686,0,0,0,0.47,0.0,inf,15760,0,0.0,Americas
Dominican Republic,660492,4384,0,656108,0,0,0,0.66,0.0,inf,660429,63,0.01,Americas
Ecuador,1056578,36008,0,1020570,0,0,0,3.41,0.0,inf,1052007,4571,0.43,Americas
Egypt,515698,24809,0,490889,0,0,0,4.81,0.0,inf,515698,0,0.0,Eastern Mediterranean
El Salvador,201785,4230,0,197555,0,0,0,2.1,0.0,inf,201785,0,0.0,Americas
Equatorial Guinea,17222,183,0,17039,8,0,0,1.06,0.0,inf,17212,10,0.06,Africa
Eritrea,10189,103,0,10086,0,0,0,1.01,0.0,inf,10189,0,0.0,Africa
Estonia,614548,2926,0,611622,0,0,0,0.48,0.0,inf,614215,333,0.05,Europe
Eswatini,74199,1423,0,72776,0,0,0,1.92,0.0,inf,74158,41,0.06,Africa
Ethiopia,499872,7572,0,492300,7,0,0,1.51,0.0,inf,499782,90,0.02,Africa
Falkland Islands (Malvinas) (UK),1930,0,0,1930,0,0,0,0.0,0.0,0.0,1930,0,0.0,Africa
Faroe Islands (DK),34658,28,0,34630,0,0,0,0.08,0.0,inf,34658,0,0.0,Europe
Fiji,68876,883,0,67993,0,0,0,1.28,0.0,inf,68864,12,0.02,Western Pacific
Finland,1461583,8859,0,1452724,0,0,0,0.61,0.0,inf,1460857,726,0.05,Europe
France,38648607,161527,0,38487080,8133,47,0,0.42,0.0,inf,38623895,24712,0.06,Europe
French Guiana,98041,413,0,97628,0,0,0,0.42,0.0,inf,98041,0,0.0,Americas
French Polynesia,77957,649,0,77308,0,0,0,0.83,0.0,inf,77957,0,0.0,Western Pacific
Gabon,48981,306,0,48675,0,0,0,0.62,0.0,inf,48981,0,0.0,Africa
Gambia,12586,372,0,12214,0,0,0,2.96,0.0,inf,12586,0,0.0,Africa
Georgia,1822045,16950,0,1805095,0,0,0,0.93,0.0,inf,1818861,3184,0.18,Europe
Germany,38018111,167387,0,37850724,15997,86,0,0.44,0.0,inf,37928944,89167,0.24,Europe
Ghana,171160,1462,0,169698,0,0,0,0.85,0.0,inf,171152,8,0.0,Africa
Gibraltar (UK),20414,111,0,20303,0,0,0,0.54,0.0,inf,20399,15,0.07,Europe
Greece,5548487,34779,0,5513708,0,0,0,0.63,0.0,inf,5548487,0,0.0,Europe
Greenland (DK),11971,21,0,11950,0,0,0,0.18,0.0,inf,11971,0,0.0,Europe
Grenada,19680,238,0,19442,0,0,0,1.21,0.0,inf,19680,0,0.0,Americas
Guadeloupe (FR),201704,1010,0,200694,0,0,0,0.5,0.0,inf,201704,0,0.0,Americas
Guatemala,1234069,20158,0,1213911,24,1,0,1.63,0.0,inf,1231988,2081,0.17,Americas
Guinea,38267,467,0,37800,0,0,0,1.22,0.0,inf,38240,27,0.07,Africa
Guinea-Bissau,8953,176,0,8777,0,0,0,1.97,0.0,inf,8953,0,0.0,Africa
Guyana,73052,1298,0,71754,0,0,0,1.78,0.0,inf,73032,20,0.03,Americas
Haiti,34143,860,0,33283,0,0,0,2.52,0.0,inf,34076,67,0.2,Americas
Holy See,29,0,0,29,0,0,0,0.0,0.0,0.0,29,0,0.0,Europe
Honduras,471557,11109,0,460448,0,0,0,2.36,0.0,inf,471224,333,0.07,Americas
Hungary,2194102,48738,0,2145364,0,0,0,2.22,0.0,inf,2193272,830,0.04,Europe
Iceland,208921,211,0,208710,0,0,0,0.1,0.0,inf,208839,82,0.04,Europe
India,44686358,530761,0,44155597,95,0,0,1.19,0.0,inf,44685499,859,0.0,South-East Asia
Indonesia,6734334,160888,0,6573446,119,2,0,2.39,0.0,inf,6732968,1366,0.02,South-East Asia
Iran,7566803,144812,0,7421991,333,8,0,1.91,0.0,inf,7565678,1125,0.01,Eastern Mediterranean
Iraq,2465545,25375,0,2440170,0,0,0,1.03,0.0,inf,2465545,0,0.0,Eastern Mediterranean
Ireland,1702523,8629,0,1693894,0,0,0,0.51,0.0,inf,1701617,906,0.05,Europe
Israel,4794287,12250,0,4782037,0,0,0,0.26,0.0,inf,4791731,2556,0.05,Europe
Italy,25547414,187850,0,25359564,0,0,0,0.74,0.0,inf,25519067,28347,0.11,Europe
Jamaica,154065,3500,0,150565,0,0,0,2.27,0.0,inf,153905,160,0.1,Americas
Japan,33120094,71745,0,33048349,7020,51,0,0.22,0.0,inf,32980916,139178,0.42,Western Pacific
Jordan,1746997,14122,0,1732875,0,0,0,0.81,0.0,inf,1746997,0,0.0,Eastern Mediterranean
Kazakhstan,1497449,19068,0,1478381,0,0,0,1.27,0.0,inf,1497449,0,0.0,Europe
Kenya,342874,5688,0,337186,0,0,0,1.66,0.0,inf,342849,25,0.01,Africa
Kiribati,5012,18,0,4994,0,0,0,0.36,0.0,inf,5008,4,0.08,Western Pacific
"Korea, North",1,6,0,-5,0,0,0,600.0,0.0,inf,1,0,0.0,
Kosovo,272851,3206,0,269645,14,0,0,1.18,0.0,inf,272713,138,0.05,Europe
Kuwait,662858,2570,0,660288,0,0,0,0.39,0.0,inf,662858,0,0.0,Eastern Mediterranean
Kyrgyzstan,206611,2991,0,203620,0,0,0,1.45,0.0,inf,206611,0,0.0,Europe
Laos,218012,758,0,217254,3,0,0,0.35,0.0,inf,218000,12,0.01,Western Pacific
Latvia,975822,6255,0,969567,55,0,0,0.64,0.0,inf,975649,173,0.02,Europe
Lebanon,1231040,10819,0,1220221,358,6,0,0.88,0.0,inf,1230268,772,0.06,Eastern Mediterranean
Lesotho,34790,723,0,34067,0,0,0,2.08,0.0,inf,34790,0,0.0,Africa
Liberia,8065,294,0,7771,0,0,0,3.65,0.0,inf,8065,0,0.0,Africa
Libya,507171,6437,0,500734,1,0,0,1.27,0.0,inf,507170,1,0.0,Eastern Mediterranean
Liechtenstein,21387,89,0,21298,0,0,0,0.42,0.0,inf,21372,15,0.07,Europe
Lithuania,1301903,9575,0,1292328,43,5,0,0.74,0.0,inf,1300014,1889,0.15,Europe
Luxembourg,315778,1214,0,314564,0,0,0,0.38,0.0,inf,315412,366,0.12,Europe
Madagascar,67852,1421,0,66431,0,0,0,2.09,0.0,inf,67849,3,0.0,Africa
Malawi,88640,2686,0,85954,0,0,0,3.03,0.0,inf,88600,40,0.05,Africa
Malaysia,5041174,36957,0,5004217,167,1,0,0.73,0.0,inf,5039650,1524,0.03,Western Pacific
Maldives,185729,311,0,185418,6,0,0,0.17,0.0,inf,185723,6,0.0,South-East Asia
Mali,32918,743,0,32175,4,0,0,2.26,0.0,inf,32833,85,0.26,Africa
Malta,117248,826,0,116422,0,0,0,0.7,0.0,inf,117166,82,0.07,Europe
Marshall Islands,15598,17,0,15581,0,0,0,0.11,0.0,inf,15590,8,0.05,Western Pacific
Martinique (FR),228756,1091,0,227665,0,0,0,0.48,0.0,inf,228756,0,0.0,Americas
Mauritania,63667,997,0,62670,0,0,0,1.57,0.0,inf,63667,0,0.0,Africa
Mauritius,295161,1044,0,294117,0,0,0,0.35,0.0,inf,295161,0,0.0,Africa
Mayotte (FR),42004,187,0,41817,0,0,0,0.45,0.0,inf,42004,0,0.0,Africa
Mexico,7429778,332839,0,7096939,0,0,0,4.48,0.0,inf,7400848,28930,0.39,Americas
Micronesia,23671,60,0,23611,0,0,0,0.25,0.0,inf,23671,0,0.0,Western Pacific
Moldova,600916,11964,0,588952,0,0,0,1.99,0.0,inf,599578,1338,0.22,Europe
Monaco,16108,67,0,16041,4,0,0,0.42,0.0,inf,16097,11,0.07,Europe
Mongolia,1007895,2136,0,1005759,0,0,0,0.21,0.0,inf,1007890,5,0.0,Western Pacific
Montenegro,287559,2800,0,284759,138,0,0,0.97,0.0,inf,286966,593,0.21,Europe
Montserrat (UK),1403,8,0,1395,0,0,0,0.57,0.0,inf,1403,0,0.0,Americas
Morocco,1272386,16296,0,1256090,3,0,0,1.28,0.0,inf,1272339,47,0.0,Eastern Mediterranean
Mozambique,233098,2242,0,230856,279,5,0,0.96,0.0,inf,232819,279,0.12,Africa
Namibia,171059,4090,0,166969,0,0,0,2.39,0.0,inf,171059,0,0.0,Africa
Nauru,5247,1,0,5246,126,0,0,0.02,0.0,inf,4815,432,8.97,Western Pacific
Nepal,1001135,12020,0,989115,2,0,0,1.2,0.0,inf,1001116,19,0.0,South-East Asia
Netherlands,8589586,22990,0,8566596,0,0,0,0.27,0.0,inf,8586233,3353,0.04,Europe
New Zealand,2215568,2536,0,2213032,2,0,0,0.11,0.0,inf,2207348,8220,0.37,Western Pacific
Nicaragua,15627,245,0,15382,0,0,0,1.57,0.0,inf,15612,15,0.1,Americas
Niger,9508,315,0,9193,0,0,0,3.31,0.0,inf,9508,0,0.0,Africa
Nigeria,266463,3155,0,263308,0,0,0,1.18,0.0,inf,266463,0,0.0,Africa
North Macedonia,346733,9653,0,337080,0,0,0,2.78,0.0,inf,346533,200,0.06,Europe
Norway,1478672,5175,0,1473497,38,0,0,0.35,0.0,inf,1478395,277,0.02,Europe
Oman,399449,4628,0,394821,0,0,0,1.16,0.0,inf,399449,0,0.0,Eastern Mediterranean
Pakistan,1576736,30641,0,1546095,32,0,0,1.94,0.0,inf,1576551,185,0.01,Eastern Mediterranean
Palau,5988,9,0,5979,0,0,0,0.15,0.0,inf,5988,0,0.0,Western Pacific
Panama,1030658,8600,0,1022058,0,0,0,0.83,0.0,inf,1030658,0,0.0,Americas
Papua New Guinea,46792,670,0,46122,0,0,0,1.43,0.0,inf,46776,16,0.03,Western Pacific
Paraguay,807453,19849,0,787604,0,0,0,2.46,0.0,inf,806790,663,0.08,Americas
Peru,4484810,219351,0,4265459,159,19,0,4.89,0.0,inf,4483729,1081,0.02,Americas
Philippines,4075545,66030,0,4009515,21,9,0,1.62,0.0,inf,4074838,707,0.02,Western Pacific
Poland,6400611,118826,0,6281785,280,0,0,1.86,0.0,inf,6389941,10670,0.17,Europe
Portugal,5566708,26117,0,5540591,0,0,0,0.47,0.0,inf,5565479,1229,0.02,Europe
Qatar,493490,686,0,492804,85,0,0,0.14,0.0,inf,492966,524,0.11,Eastern Mediterranean
Reunion (FR),494595,921,0,493674,0,0,0,0.19,0.0,inf,494595,0,0.0,Africa
Romania,3335131,67675,0,3267456,4126,25,0,2.03,0.0,inf,3331005,4126,0.12,Europe
Russia,21867696,387861,0,21479835,11969,29,0,1.77,0.0,inf,21773482,94214,0.43,Europe
Rwanda,133170,1468,0,131702,0,0,0,1.1,0.0,inf,133148,22,0.02,Africa
Saint Kitts and Nevis,6596,46,0,6550,0,0,0,0.7,0.0,inf,6594,2,0.03,Americas
Saint Lucia,29882,409,0,29473,0,0,0,1.37,0.0,inf,29882,0,0.0,Americas
Saint Pierre and Miquelon (FR),3452,2,0,3450,0,0,0,0.06,0.0,inf,3452,0,0.0,Americas
Saint Vincent and the Grenadines,9589,123,0,9466,0,0,0,1.28,0.0,inf,9587,2,0.02,Americas
Samoa,16594,29,0,16565,0,0,0,0.17,0.0,inf,16402,192,1.17,Western Pacific
San Marino,23521,122,0,23399,0,0,0,0.52,0.0,inf,23468,53,0.23,Europe
Sao Tome and Principe,6280,77,0,6203,0,0,0,1.23,0.0,inf,6280,0,0.0,Africa
Saudi Arabia,828983,9605,0,819378,66,3,0,1.16,0.0,inf,828595,388,0.05,Eastern Mediterranean
Senegal,88910,1971,0,86939,0,0,0,2.22,0.0,inf,88906,4,0.0,Africa
Serbia,2485825,17779,0,2468046,970,8,0,0.72,0.0,inf,2480488,5337,0.22,Europe
Seychelles,50665,172,0,50493,0,0,0,0.34,0.0,inf,50665,0,0.0,Africa
Sierra Leone,7760,126,0,7634,0,0,0,1.62,0.0,inf,7760,0,0.0,Africa
Singapore,2222006,1722,0,2220284,0,0,0,0.08,0.0,inf,2222006,0,0.0,Western Pacific
Sint Maarten (NL),11016,91,0,10925,0,0,0,0.83,0.0,inf,11016,0,0.0,Americas
Slovakia,2663620,20999,0,2642621,16,3,0,0.79,0.0,inf,2662353,1267,0.05,Europe
Slovenia,1325590,7067,0,1318523,85,0,0,0.53,0.0,inf,1323816,1774,0.13,Europe
Solomon Islands,24575,153,0,24422,0,0,0,0.62,0.0,inf,24575,0,0.0,Western Pacific
Somalia,27324,1361,0,25963,0,0,0,4.98,0.0,inf,27322,2,0.01,Eastern Mediterranean
South Africa,4061085,102595,0,3958490,736,0,0,2.53,0.0,inf,4058966,2119,0.05,Africa
South Korea,30445775,33873,0,30411902,11880,8,0,0.11,0.0,inf,30369744,76031,0.25,Western Pacific
South Sudan,18368,138,0,18230,0,0,0,0.75,0.0,inf,18368,0,0.0,Africa
Spain,13755956,119186,0,13636770,0,0,0,0.87,0.0,inf,13748918,7038,0.05,Europe
Sri Lanka,672022,16829,0,655193,1,0,0,2.5,0.0,inf,672012,10,0.0,South-East Asia
Sudan,63775,5011,0,58764,0,0,0,7.86,0.0,inf,63775,0,0.0,Eastern Mediterranean
Summer Olympics 2020,865,0,0,865,0,0,0,0.0,0.0,0.0,865,0,0.0,
Suriname,82227,1400,0,80827,0,0,0,1.7,0.0,inf,82227,0,0.0,Americas
Sweden,2697159,23634,0,2673525,0,0,0,0.88,0.0,inf,2696168,991,0.04,Europe
Switzerland,4409828,14203,0,4395625,0,1,0,0.32,0.0,inf,4408833,995,0.02,Europe
Syria,57463,3164,0,54299,2,0,0,5.51,0.0,inf,57453,10,0.02,Eastern Mediterranean
Taiwan*,9937216,17564,0,9919652,12058,44,0,0.18,0.0,inf,9821755,115461,1.18,Western Pacific
Tajikistan,17786,125,0,17661,0,0,0,0.7,0.0,inf,17786,0,0.0,Europe
Tanzania,42775,846,0,41929,0,0,0,1.98,0.0,inf,42717,58,0.14,Africa
Thailand,4727831,33902,0,4693929,0,0,0,0.72,0.0,inf,4727628,203,0.0,South-East Asia
Timor-Leste,23418,138,0,23280,0,0,0,0.59,0.0,inf,23417,1,0.0,South-East Asia
Togo,39366,290,0,39076,2,0,0,0.74,0.0,inf,39362,4,0.01,Africa
Tonga,16801,13,0,16788,0,0,0,0.08,0.0,inf,16795,6,0.04,Western Pacific
Trinidad and Tobago,188511,4336,0,184175,0,0,0,2.3,0.0,inf,188199,312,0.17,Americas
Tunisia,1150606,29326,0,1121280,0,0,0,2.55,0.0,inf,1150477,129,0.01,Eastern Mediterranean
Turkey,17042722,101492,0,16941230,0,0,0,0.6,0.0,inf,17042722,0,0.0,Europe
Turks and Caicos Islands (UK),6551,38,0,6513,0,0,0,0.58,0.0,inf,6537,14,0.21,Americas
Tuvalu,2805,0,0,2805,0,0,0,0.0,0.0,0.0,2805,0,0.0,Western Pacific
US,103124645,1117563,0,102007082,602,66,0,1.08,0.0,inf,102879287,245358,0.24,Americas
Uganda,170478,3630,0,166848,14,0,0,2.13,0.0,inf,170464,14,0.01,Africa
Ukraine,5693110,119143,0,5573967,107,1,0,2.09,0.0,inf,5687053,6057,0.11,Europe
United Arab Emirates,1051162,2349,0,1048813,83,0,0,0.22,0.0,inf,1050402,760,0.07,Eastern Mediterranean
United Kingdom,24499672,218907,0,24280765,0,0,0,0.89,0.0,inf,24473981,25691,0.1,Europe
Uruguay,1034046,7617,0,1026429,280,0,0,0.74,0.0,inf,1033265,781,0.08,Americas
Uzbekistan,250873,1637,0,249236,0,0,0,0.65,0.0,inf,250799,74,0.03,Europe
Vanuatu,12014,14,0,12000,0,0,0,0.12,0.0,inf,12014,0,0.0,Western Pacific
Venezuela,551911,5852,0,546059,0,0,0,1.06,0.0,inf,551801,110,0.02,Americas
Vietnam,11526825,43186,0,11483639,15,0,0,0.37,0.0,inf,11526704,121,0.0,Western Pacific
West Bank and Gaza,703228,5708,0,697520,0,0,0,0.81,0.0,inf,703228,0,0.0,Eastern Mediterranean
Winter Olympics 2022,535,0,0,535,0,0,0,0.0,0.0,0.0,535,0,0.0,
Yemen,11945,2159,0,9786,0,0,0,18.07,0.0,inf,11945,0,0.0,Eastern Mediterranean
Zambia,342724,4054,0,338670,407,3,0,1.18,0.0,inf,342317,407,0.12,Africa
Zimbabwe,263642,5662,0,257980,0,0,0,2.15,0.0,inf,263083,559,0.21,Africa
