Country,Confirmed,Deaths,Recovered,Active,New cases,New deaths,New recovered,Deaths / 100 Cases,Recovered / 100 Cases,Deaths / 100 Recovered,Confirmed last week,1 week change,1 week % increase,WHO Region
Afghanistan,205009,7830,0,197179,27,0,0,3.82,0.0,inf,204392,617,0.3,Eastern Mediterranean
Albania,333233,3594,0,329639,0,0,0,1.08,0.0,inf,333125,108,0.03,Europe
Algeria,270996,6881,0,264115,0,0,0,2.54,0.0,inf,270924,72,0.03,Africa
Andorra,46824,156,0,46668,0,0,0,0.33,0.0,inf,46664,160,0.34,Europe
Angola,103131,1917,0,101214,0,0,0,1.86,0.0,inf,103131,0,0.0,Africa
Anguilla (UK),3904,12,0,3892,0,0,0,0.31,0.0,inf,3904,0,0.0,Americas
Antarctica,11,0,0,11,0,0,0,0.0,0.0,0.0,11,0,0.0,
Antigua and Barbuda,9106,146,0,8960,0,0,0,1.6,0.0,inf,9106,0,0.0,Americas
Argentina,9721718,130011,0,9591707,0,0,0,1.34,0.0,inf,9720232,1486,0.02,Americas
Armenia,445513,8709,0,436804,0,0,0,1.95,0.0,inf,445397,116,0.03,Europe
Aruba (NL),43494,235,0,43259,0,0,0,0.54,0.0,inf,43423,71,0.16,Americas
Australia,10555312,15980,0,10539332,2075,4,0,0.15,0.0,inf,10472100,83212,0.79,Western Pacific
Austria,5510919,21134,0,5489785,4222,10,0,0.38,0.0,inf,5484553,26366,0.48,Europe
Azerbaijan,823889,9969,0,813920,40,1,0,1.21,0.0,inf,823636,253,0.03,Europe
Bahamas,37453,833,0,36620,14,0,0,2.22,0.0,inf,37433,20,0.05,Americas
Bahrain,694602,1532,0,693070,138,0,0,0.22,0.0,inf,693082,1520,0.22,Eastern Mediterranean
Bangladesh,2036325,29430,0,2006895,19,0,0,1.45,0.0,inf,2036109,216,0.01,South-East Asia
Barbados,103545,564,0,102981,0,0,0,0.54,0.0,inf,103424,121,0.12,Americas
Belarus,994037,7118,0,986919,0,0,0,0.72,0.0,inf,994037,0,0.0,Europe
Belgium,4627186,33021,0,4594165,0,0,0,0.71,0.0,inf,4622723,4463,0.1,Europe
Belize,68988,687,0,68301,0,0,0,1.0,0.0,inf,68972,16,0.02,Americas
Benin,27922,163,0,27759,0,0,0,0.58,0.0,inf,27912,10,0.04,Africa
Bhutan,62460,21,0,62439,0,0,0,0.03,0.0,inf,62430,30,0.05,South-East Asia
Bolivia,1110064,22244,0,1087820,50,0,0,2.0,0.0,inf,1109763,301,0.03,Americas
Bosnia and Herzegovina,400336,16190,0,384146,14,0,0,4.04,0.0,inf,400185,151,0.04,Europe
Botswana,326344,2790,0,323554,0,0,0,0.85,0.0,inf,326344,0,0.0,Africa
Brazil,34999495,688907,0,34310588,28452,72,0,1.97,0.0,inf,34908198,91297,0.26,Americas
British Virgin Islands (UK),7305,64,0,7241,0,0,0,0.88,0.0,inf,7305,0,0.0,Americas
Brunei,248861,225,0,248636,0,0,0,0.09,0.0,inf,244599,4262,1.74,Western Pacific
Bulgaria,1285113,37996,0,1247117,275,8,0,2.96,0.0,inf,1283364,1749,0.14,Europe
Burkina Faso,21631,387,0,21244,0,0,0,1.79,0.0,inf,21631,0,0.0,Africa
Burma,632957,19487,0,613470,47,1,0,3.08,0.0,inf,632587,370,0.06,South-East Asia
Burundi,50639,38,0,50601,0,0,0,0.08,0.0,inf,50574,65,0.13,Africa
Cabo Verde,62783,410,0,62373,25,0,0,0.65,0.0,inf,62646,137,0.22,Africa
Cambodia,138019,3056,0,134963,9,0,0,2.21,0.0,inf,137996,23,0.02,Western Pacific
Cameroon,123993,1965,0,122028,0,0,0,1.58,0.0,inf,123993,0,0.0,Africa
Canada,4418350,47681,0,4370669,1006,21,0,1.08,0.0,inf,4402164,16186,0.37,Americas
Cayman Islands (UK),31194,36,0,31158,0,0,0,0.12,0.0,inf,31194,0,0.0,Americas
Central African Republic,15289,113,0,15176,0,0,0,0.74,0.0,inf,15289,0,0.0,Africa
Chad,7637,194,0,7443,0,0,0,2.54,0.0,inf,7631,6,0.08,Africa
Chile,4865698,62130,0,4803568,6457,28,0,1.28,0.0,inf,4826234,39464,0.82,Americas
China,3242270,15809,0,3226461,31911,8,0,0.49,0.0,inf,3070130,172140,5.61,Western Pacific
Colombia,6312657,141881,0,6170776,0,0,0,2.25,0.0,inf,6311359,1298,0.02,Americas
Comoros,8941,161,0,8780,16,0,0,1.8,0.0,inf,8879,62,0.7,Africa
Congo (Brazzaville),25375,386,0,24989,0,0,0,1.52,0.0,inf,24837,538,2.17,Africa
Congo (Kinshasa),93837,1452,0,92385,370,5,0,1.55,0.0,inf,93467,370,0.4,Africa
Costa Rica,1143597,9031,0,1134566,2733,12,0,0.79,0.0,inf,1140864,2733,0.24,Americas
Cote d'Ivoire,87864,829,0,87035,0,0,0,0.94,0.0,inf,87851,13,0.01,Africa
Croatia,1251199,17254,0,1233945,231,5,0,1.38,0.0,inf,1249699,1500,0.12,Europe
Cuba,1111335,8530,0,1102805,2,0,0,0.77,0.0,inf,1111311,24,0.0,Americas
Curacao (NL),45536,294,0,45242,0,0,0,0.65,0.0,inf,45507,29,0.06,Americas
Cyprus,610023,1218,0,608805,3736,8,0,0.2,0.0,inf,602662,7361,1.22,Europe
Czechia,4167377,41746,0,4125631,78,3,0,1.0,0.0,inf,4164606,2771,0.07,Europe
Denmark,3345583,7470,0,3338113,488,0,0,0.22,0.0,inf,3341697,3886,0.12,Europe
Djibouti,15690,189,0,15501,0,0,0,1.2,0.0,inf,15690,0,0.0,Eastern Mediterranean
Dominica,15760,74,0,15686,0,0,0,0.47,0.0,inf,15760,0,0.0,Americas
Dominican Republic,647868,4384,0,643484,0,0,0,0.68,0.0,inf,647717,151,0.02,Americas
Ecuador,1009388,35935,0,973453,0,0,0,3.56,0.0,inf,1009388,0,0.0,Americas
Egypt,515645,24798,0,490847,0,0,0,4.81,0.0,inf,515645,0,0.0,Eastern Mediterranean
El Salvador,201785,4230,0,197555,0,0,0,2.1,0.0,inf,201785,0,0.0,Americas
Equatorial Guinea,17182,183,0,16999,0,0,0,1.07,0.0,inf,17182,0,0.0,Africa
Eritrea,10189,103,0,10086,0,0,0,1.01,0.0,inf,10189,0,0.0,Africa
Estonia,608332,2757,0,605575,0,0,0,0.45,0.0,inf,607844,488,0.08,Europe
Eswatini,73708,1422,0,72286,0,0,0,1.93,0.0,inf,73618,90,0.12,Africa
Ethiopia,494285,7572,0,486713,15,0,0,1.53,0.0,inf,494166,119,0.02,Africa
Falkland Islands (Malvinas) (UK),1930,0,0,1930,0,0,0,0.0,0.0,0.0,1930,0,0.0,Africa
Faroe Islands (DK),34658,28,0,34630,0,0,0,0.08,0.0,inf,34658,0,0.0,Europe
Fiji,68307,878,0,67429,0,0,0,1.29,0.0,inf,68287,20,0.03,Western Pacific
Finland,1384654,7173,0,1377481,0,0,0,0.52,0.0,inf,1372651,12003,0.87,Europe
France,36392680,155003,0,36237677,36602,71,0,0.43,0.0,inf,36175462,217218,0.6,Europe
French Guiana,94421,411,0,94010,0,0,0,0.44,0.0,inf,94259,162,0.17,Americas
French Polynesia,76827,649,0,76178,0,0,0,0.84,0.0,inf,76797,30,0.04,Western Pacific
Gabon,48972,306,0,48666,13,0,0,0.62,0.0,inf,48945,27,0.06,Africa
Gambia,12580,372,0,12208,0,0,0,2.96,0.0,inf,12580,0,0.0,Africa
Georgia,1785138,16912,0,1768226,0,0,0,0.95,0.0,inf,1785138,0,0.0,Europe
Germany,36205405,156613,0,36048792,25328,203,0,0.43,0.0,inf,36033394,172011,0.48,Europe
Ghana,170972,1461,0,169511,0,0,0,0.85,0.0,inf,170894,78,0.05,Africa
Gibraltar (UK),20184,110,0,20074,18,0,0,0.54,0.0,inf,20166,18,0.09,Europe
Greece,5306482,34024,0,5272458,0,0,0,0.64,0.0,inf,5250288,56194,1.07,Europe
Greenland (DK),11971,21,0,11950,0,0,0,0.18,0.0,inf,11971,0,0.0,Europe
Grenada,19616,237,0,19379,0,0,0,1.21,0.0,inf,19613,3,0.02,Americas
Guadeloupe (FR),197105,993,0,196112,0,0,0,0.5,0.0,inf,196270,835,0.43,Americas
Guatemala,1147699,19936,0,1127763,629,2,0,1.74,0.0,inf,1144771,2928,0.26,Americas
Guinea,38153,464,0,37689,0,0,0,1.22,0.0,inf,38122,31,0.08,Africa
Guinea-Bissau,8848,176,0,8672,0,0,0,1.99,0.0,inf,8848,0,0.0,Africa
Guyana,71522,1281,0,70241,2,0,0,1.79,0.0,inf,71461,61,0.09,Americas
Haiti,33837,860,0,32977,0,0,0,2.54,0.0,inf,33828,9,0.03,Americas
Holy See,29,0,0,29,0,0,0,0.0,0.0,0.0,29,0,0.0,Europe
Honduras,457508,11043,0,446465,49,0,0,2.41,0.0,inf,457406,102,0.02,Americas
Hungary,2157995,48184,0,2109811,0,0,0,2.23,0.0,inf,2153564,4431,0.21,Europe
Iceland,206803,219,0,206584,0,0,0,0.11,0.0,inf,206803,0,0.0,Europe
India,44667967,530553,0,44137414,0,0,0,1.19,0.0,inf,44665643,2324,0.01,South-East Asia
Indonesia,6596812,159323,0,6437489,6699,32,0,2.42,0.0,inf,6550448,46364,0.71,South-East Asia
Iran,7559211,144620,0,7414591,47,3,0,1.91,0.0,inf,7558812,399,0.01,Eastern Mediterranean
Iraq,2462317,25361,0,2436956,0,0,0,1.03,0.0,inf,2461857,460,0.02,Eastern Mediterranean
Ireland,1677386,8141,0,1669245,0,0,0,0.49,0.0,inf,1675723,1663,0.1,Europe
Israel,4704009,11810,0,4692199,2073,0,0,0.25,0.0,inf,4694836,9173,0.2,Europe
Italy,24031538,180518,0,23851020,208346,533,0,0.75,0.0,inf,23823192,208346,0.87,Europe
Jamaica,152381,3351,0,149030,0,0,0,2.2,0.0,inf,152306,75,0.05,Americas
Japan,23626318,48066,0,23578252,85774,92,0,0.2,0.0,inf,23055475,570843,2.48,Western Pacific
Jordan,1746997,14122,0,1732875,0,0,0,0.81,0.0,inf,1746997,0,0.0,Eastern Mediterranean
Kazakhstan,1485635,19053,0,1466582,0,0,0,1.28,0.0,inf,1485203,432,0.03,Europe
Kenya,340888,5684,0,335204,104,0,0,1.67,0.0,inf,340209,679,0.2,Africa
Kiribati,3430,13,0,3417,0,0,0,0.38,0.0,inf,3430,0,0.0,Western Pacific
"Korea, North",1,6,0,-5,0,0,0,600.0,0.0,inf,1,0,0.0,
Kosovo,272196,3202,0,268994,1,0,0,1.18,0.0,inf,272192,4,0.0,Europe
Kuwait,662510,2569,0,659941,0,0,0,0.39,0.0,inf,662359,151,0.02,Eastern Mediterranean
Kyrgyzstan,206483,2991,0,203492,0,0,0,1.45,0.0,inf,206464,19,0.01,Europe
Laos,216460,758,0,215702,16,0,0,0.35,0.0,inf,216355,105,0.05,Western Pacific
Latvia,959019,6083,0,952936,0,0,0,0.63,0.0,inf,956780,2239,0.23,Europe
Lebanon,1219928,10725,0,1209203,94,1,0,0.88,0.0,inf,1219465,463,0.04,Eastern Mediterranean
Lesotho,34490,706,0,33784,0,0,0,2.05,0.0,inf,34490,0,0.0,Africa
Liberia,8014,294,0,7720,0,0,0,3.67,0.0,inf,7998,16,0.2,Africa
Libya,507070,6437,0,500633,0,0,0,1.27,0.0,inf,507060,10,0.0,Eastern Mediterranean
Liechtenstein,20815,87,0,20728,17,0,0,0.42,0.0,inf,20750,65,0.31,Europe
Lithuania,1272774,9414,0,1263360,227,2,0,0.74,0.0,inf,1271238,1536,0.12,Europe
Luxembourg,304962,1154,0,303808,192,0,0,0.38,0.0,inf,303571,1391,0.46,Europe
Madagascar,66859,1411,0,65448,0,0,0,2.11,0.0,inf,66788,71,0.11,Africa
Malawi,88073,2896,0,85177,0,0,0,3.29,0.0,inf,88073,0,0.0,Africa
Malaysia,4963216,36588,0,4926628,3037,5,0,0.74,0.0,inf,4943701,19515,0.39,Western Pacific
Maldives,185549,311,0,185238,0,0,0,0.17,0.0,inf,185454,95,0.05,South-East Asia
Mali,32755,742,0,32013,5,0,0,2.27,0.0,inf,32745,10,0.03,Africa
Malta,115673,808,0,114865,13,0,0,0.7,0.0,inf,115563,110,0.1,Europe
Marshall Islands,15389,17,0,15372,0,0,0,0.11,0.0,inf,15389,0,0.0,Western Pacific
Martinique (FR),223877,1057,0,222820,0,0,0,0.47,0.0,inf,223728,149,0.07,Americas
Mauritania,63417,997,0,62420,3,0,0,1.57,0.0,inf,63410,7,0.01,Africa
Mauritius,268397,1033,0,267364,0,0,0,0.38,0.0,inf,268397,0,0.0,Africa
Mayotte (FR),40612,187,0,40425,0,0,0,0.46,0.0,inf,40339,273,0.68,Africa
Mexico,7118933,330444,0,6788489,0,0,0,4.64,0.0,inf,7116424,2509,0.04,Americas
Micronesia,22203,55,0,22148,0,-3,0,0.25,0.0,inf,22203,0,0.0,Western Pacific
Moldova,594441,11906,0,582535,0,0,0,2.0,0.0,inf,594163,278,0.05,Europe
Monaco,15195,65,0,15130,30,0,0,0.43,0.0,inf,15071,124,0.82,Europe
Mongolia,989320,2133,0,987187,441,1,0,0.22,0.0,inf,986599,2721,0.28,Western Pacific
Montenegro,283468,2789,0,280679,25,1,0,0.98,0.0,inf,283268,200,0.07,Europe
Montserrat (UK),1403,8,0,1395,0,0,0,0.57,0.0,inf,1403,0,0.0,Americas
Morocco,1267177,16283,0,1250894,138,0,0,1.28,0.0,inf,1266458,719,0.06,Eastern Mediterranean
Mozambique,230543,2224,0,228319,0,0,0,0.96,0.0,inf,230475,68,0.03,Africa
Namibia,169946,4080,0,165866,0,0,0,2.4,0.0,inf,169946,0,0.0,Africa
Nauru,4618,1,0,4617,0,0,0,0.02,0.0,inf,4611,7,0.15,Western Pacific
Nepal,1000846,12019,0,988827,8,0,0,1.2,0.0,inf,1000784,62,0.01,South-East Asia
Netherlands,8534013,22893,0,8511120,2697,7,0,0.27,0.0,inf,8528384,5629,0.07,Europe
New Zealand,1900515,2155,0,1898360,4,0,0,0.11,0.0,inf,1878933,21582,1.15,Western Pacific
Nicaragua,15219,245,0,14974,0,0,0,1.61,0.0,inf,15203,16,0.11,Americas
Niger,9430,314,0,9116,0,0,0,3.33,0.0,inf,9430,0,0.0,Africa
Nigeria,266242,3155,0,263087,0,0,0,1.19,0.0,inf,266192,50,0.02,Africa
North Macedonia,344531,9567,0,334964,0,0,0,2.78,0.0,inf,344342,189,0.05,Europe
Norway,1467328,4325,0,1463003,168,39,0,0.29,0.0,inf,1466466,862,0.06,Europe
Oman,399027,4628,0,394399,0,0,0,1.16,0.0,inf,398775,252,0.06,Eastern Mediterranean
Pakistan,1574825,30630,0,1544195,0,0,0,1.94,0.0,inf,1574549,276,0.02,Eastern Mediterranean
Palau,5684,7,0,5677,112,0,0,0.12,0.0,inf,5530,154,2.78,Western Pacific
Panama,992623,8515,0,984108,0,0,0,0.86,0.0,inf,991251,1372,0.14,Americas
Papua New Guinea,45819,668,0,45151,0,0,0,1.46,0.0,inf,45721,98,0.21,Western Pacific
Paraguay,718071,19611,0,698460,22,3,0,2.73,0.0,inf,718049,22,0.0,Americas
Peru,4180834,217218,0,3963616,0,0,0,5.2,0.0,inf,4169751,11083,0.27,Americas
Philippines,4023798,64458,0,3959340,1671,17,0,1.6,0.0,inf,4015266,8532,0.21,Western Pacific
Poland,6348380,118267,0,6230113,358,15,0,1.86,0.0,inf,6346155,2225,0.04,Europe
Portugal,5537108,25395,0,5511713,4144,30,0,0.46,0.0,inf,5528365,8743,0.16,Europe
Qatar,475479,684,0,474795,280,0,0,0.14,0.0,inf,473234,2245,0.47,Eastern Mediterranean
Reunion (FR),479430,902,0,478528,575,3,0,0.19,0.0,inf,478346,1084,0.23,Africa
Romania,3293742,67250,0,3226492,396,1,0,2.04,0.0,inf,3291348,2394,0.07,Europe
Russia,21219827,383441,0,20836386,5488,60,0,1.81,0.0,inf,21183691,36136,0.17,Europe
Rwanda,132643,1467,0,131176,0,0,0,1.11,0.0,inf,132611,32,0.02,Africa
Saint Kitts and Nevis,6552,46,0,6506,0,0,0,0.7,0.0,inf,6552,0,0.0,Americas
Saint Lucia,29692,408,0,29284,0,0,0,1.37,0.0,inf,29676,16,0.05,Americas
Saint Pierre and Miquelon (FR),3233,1,0,3232,0,0,0,0.03,0.0,inf,3231,2,0.06,Americas
Saint Vincent and the Grenadines,9462,116,0,9346,0,0,0,1.23,0.0,inf,9459,3,0.03,Americas
Samoa,15949,29,0,15920,0,0,0,0.18,0.0,inf,15949,0,0.0,Western Pacific
San Marino,21798,119,0,21679,0,0,0,0.55,0.0,inf,21739,59,0.27,Europe
Sao Tome and Principe,6275,77,0,6198,0,0,0,1.23,0.0,inf,6275,0,0.0,Africa
Saudi Arabia,824984,9443,0,815541,67,1,0,1.14,0.0,inf,824377,607,0.07,Eastern Mediterranean
Senegal,88842,1968,0,86874,0,0,0,2.22,0.0,inf,88832,10,0.01,Africa
Serbia,2416771,17336,0,2399435,658,4,0,0.72,0.0,inf,2412298,4473,0.19,Europe
Seychelles,49380,171,0,49209,0,0,0,0.35,0.0,inf,49380,0,0.0,Africa
Sierra Leone,7758,126,0,7632,0,0,0,1.62,0.0,inf,7758,0,0.0,Africa
Singapore,2150702,1699,0,2149003,1908,0,0,0.08,0.0,inf,2136658,14044,0.66,Western Pacific
Sint Maarten (NL),10943,89,0,10854,0,0,0,0.81,0.0,inf,10931,12,0.11,Americas
Slovakia,2647809,20705,0,2627104,68,5,0,0.78,0.0,inf,2646511,1298,0.05,Europe
Slovenia,1246440,6905,0,1239535,814,0,0,0.55,0.0,inf,1241455,4985,0.4,Europe
Solomon Islands,24575,153,0,24422,2691,0,0,0.62,0.0,inf,21544,3031,14.07,Western Pacific
Somalia,27254,1361,0,25893,0,0,0,4.99,0.0,inf,27254,0,0.0,Eastern Mediterranean
South Africa,4037221,102395,0,3934826,598,24,0,2.54,0.0,inf,4032718,4503,0.11,Africa
South Korea,26512754,29990,0,26482764,50435,65,0,0.11,0.0,inf,26145764,366990,1.4,Western Pacific
South Sudan,18339,138,0,18201,0,0,0,0.75,0.0,inf,18325,14,0.08,Africa
Spain,13573721,115641,0,13458080,22182,284,0,0.85,0.0,inf,13543816,29905,0.22,Europe
Sri Lanka,671497,16791,0,654706,16,3,0,2.5,0.0,inf,671384,113,0.02,South-East Asia
Sudan,63595,4981,0,58614,0,0,0,7.83,0.0,inf,63561,34,0.05,Eastern Mediterranean
Summer Olympics 2020,865,0,0,865,0,0,0,0.0,0.0,0.0,865,0,0.0,
Suriname,81228,1392,0,79836,0,0,0,1.71,0.0,inf,81228,0,0.0,Americas
Sweden,2622790,20928,0,2601862,0,0,0,0.8,0.0,inf,2618688,4102,0.16,Europe
Switzerland,4297635,14110,0,4283525,0,0,0,0.33,0.0,inf,4276848,20787,0.49,Europe
Syria,57386,3163,0,54223,1,0,0,5.51,0.0,inf,57378,8,0.01,Eastern Mediterranean
Taiwan*,8130231,13848,0,8116383,17997,57,0,0.17,0.0,inf,7996490,133741,1.67,Western Pacific
Tajikistan,17786,125,0,17661,0,0,0,0.7,0.0,inf,17786,0,0.0,Europe
Tanzania,40311,845,0,39466,0,0,0,2.1,0.0,inf,40152,159,0.4,Africa
Thailand,4698373,33037,0,4665336,0,0,0,0.7,0.0,inf,4695207,3166,0.07,South-East Asia
Timor-Leste,23323,138,0,23185,3,0,0,0.59,0.0,inf,23312,11,0.05,South-East Asia
Togo,39321,290,0,39031,0,0,0,0.74,0.0,inf,39317,4,0.01,Africa
Tonga,16182,12,0,16170,0,0,0,0.07,0.0,inf,16182,0,0.0,Western Pacific
Trinidad and Tobago,185094,4263,0,180831,0,0,0,2.3,0.0,inf,184949,145,0.08,Americas
Tunisia,1146799,29266,0,1117533,0,0,0,2.55,0.0,inf,1146702,97,0.01,Eastern Mediterranean
Turkey,16919638,101203,0,16818435,0,0,0,0.6,0.0,inf,16919638,0,0.0,Europe
Turks and Caicos Islands (UK),6431,36,0,6395,0,0,0,0.56,0.0,inf,6431,0,0.0,Americas
Tuvalu,2019,0,0,2019,464,0,0,0.0,0.0,0.0,466,1553,333.26,Western Pacific
US,98301472,1077020,0,97224452,54723,528,0,1.1,0.0,inf,97996876,304596,0.31,Americas
Uganda,169663,3630,0,166033,0,0,0,2.14,0.0,inf,169473,190,0.11,Africa
Ukraine,5635276,118295,0,5516981,58,0,0,2.1,0.0,inf,5618015,17261,0.31,Europe
United Arab Emirates,1042099,2348,0,1039751,225,0,0,0.23,0.0,inf,1040604,1495,0.14,Eastern Mediterranean
United Kingdom,24129363,211820,0,23917543,272,1,0,0.88,0.0,inf,24105208,24155,0.1,Europe
Uruguay,992035,7529,0,984506,0,0,0,0.76,0.0,inf,991219,816,0.08,Americas
Uzbekistan,245246,1637,0,243609,69,0,0,0.67,0.0,inf,244878,368,0.15,Europe
Vanuatu,11981,14,0,11967,0,0,0,0.12,0.0,inf,11981,0,0.0,Western Pacific
Venezuela,546733,5825,0,540908,199,0,0,1.07,0.0,inf,546262,471,0.09,Americas
Vietnam,11510919,43168,0,11467751,435,1,0,0.38,0.0,inf,11508170,2749,0.02,Western Pacific
West Bank and Gaza,703036,5708,0,697328,0,0,0,0.81,0.0,inf,703036,0,0.0,Eastern Mediterranean
Winter Olympics 2022,535,0,0,535,0,0,0,0.0,0.0,0.0,535,0,0.0,
Yemen,11945,2159,0,9786,0,0,0,18.07,0.0,inf,11945,0,0.0,Eastern Mediterranean
Zambia,333685,4017,0,329668,0,0,0,1.2,0.0,inf,333685,0,0.0,Africa
Zimbabwe,257893,5606,0,252287,0,0,0,2.17,0.0,inf,257893,0,0.0,Africa
