Country,Confirmed,Deaths,Recovered,Active,New cases,New deaths,New recovered,Deaths / 100 Cases,Recovered / 100 Cases,Deaths / 100 Recovered,Confirmed last week,1 week change,1 week % increase,WHO Region
Afghanistan,182793,7725,0,175068,0,0,0,4.23,0.0,inf,182324,469,0.26,Eastern Mediterranean
Albania,282690,3502,0,279188,0,0,0,1.24,0.0,inf,279167,3523,1.26,Europe
Algeria,266173,6875,0,259298,0,0,0,2.58,0.0,inf,266062,111,0.04,Africa
Andorra,44177,153,0,44024,0,0,0,0.35,0.0,inf,43774,403,0.92,Europe
Angola,101320,1900,0,99420,0,0,0,1.88,0.0,inf,101320,0,0.0,Africa
Anguilla (UK),3476,9,0,3467,0,0,0,0.26,0.0,inf,3456,20,0.58,Americas
Antarctica,11,0,0,11,0,0,0,0.0,0.0,0.0,11,0,0.0,
Antigua and Barbuda,8665,141,0,8524,0,0,0,1.63,0.0,inf,8625,40,0.46,Americas
Argentina,9394326,129109,0,9265217,0,0,0,1.37,0.0,inf,9367172,27154,0.29,Americas
Armenia,423417,8629,0,414788,0,0,0,2.04,0.0,inf,423243,174,0.04,Europe
Aruba (NL),41000,222,0,40778,0,0,0,0.54,0.0,inf,40595,405,1.0,Americas
Australia,8334802,10130,0,8324672,43403,45,0,0.12,0.0,inf,8081866,252936,3.13,Western Pacific
Austria,4506979,20070,0,4486909,7409,2,0,0.45,0.0,inf,4432922,74057,1.67,Europe
Azerbaijan,793388,9717,0,783671,0,0,0,1.22,0.0,inf,793176,212,0.03,Europe
Bahamas,36114,820,0,35294,13,0,0,2.27,0.0,inf,35902,212,0.59,Americas
Bahrain,633348,1498,0,631850,1786,3,0,0.24,0.0,inf,622261,11087,1.78,Eastern Mediterranean
Bangladesh,1982972,29181,0,1953791,1998,7,0,1.47,0.0,inf,1969361,13611,0.69,South-East Asia
Barbados,85121,477,0,84644,202,0,0,0.56,0.0,inf,83975,1146,1.36,Americas
Belarus,994037,7118,0,986919,11170,140,0,0.72,0.0,inf,982867,11170,1.14,Europe
Belgium,4265296,31952,0,4233344,0,0,0,0.75,0.0,inf,4225222,40074,0.95,Europe
Belize,64581,680,0,63901,210,0,0,1.05,0.0,inf,63572,1009,1.59,Americas
Benin,27216,163,0,27053,0,0,0,0.6,0.0,inf,27122,94,0.35,Africa
Bhutan,59824,21,0,59803,0,0,0,0.04,0.0,inf,59729,95,0.16,South-East Asia
Bolivia,931955,21958,0,909997,0,0,0,2.36,0.0,inf,922121,9834,1.07,Americas
Bosnia and Herzegovina,379132,15808,0,363324,91,1,0,4.17,0.0,inf,378577,555,0.15,Europe
Botswana,322769,2750,0,320019,0,0,0,0.85,0.0,inf,321968,801,0.25,Africa
Brazil,32610514,672429,0,31938085,74591,396,0,2.06,0.0,inf,32206954,403560,1.25,Americas
British Virgin Islands (UK),6941,63,0,6878,0,0,0,0.91,0.0,inf,6941,0,0.0,Americas
Brunei,168760,225,0,168535,1091,0,0,0.13,0.0,inf,162311,6449,3.97,Western Pacific
Bulgaria,1175082,37261,0,1137821,866,1,0,3.17,0.0,inf,1171235,3847,0.33,Europe
Burkina Faso,21044,387,0,20657,0,0,0,1.84,0.0,inf,21044,0,0.0,Africa
Burma,613672,19434,0,594238,13,0,0,3.17,0.0,inf,613577,95,0.02,South-East Asia
Burundi,42794,38,0,42756,63,0,0,0.09,0.0,inf,42542,252,0.59,Africa
Cabo Verde,61105,405,0,60700,0,0,0,0.66,0.0,inf,59533,1572,2.64,Africa
Cambodia,136301,3056,0,133245,5,0,0,2.24,0.0,inf,136262,39,0.03,Western Pacific
Cameroon,120068,1931,0,118137,0,0,0,1.61,0.0,inf,120068,0,0.0,Africa
Canada,3964141,42036,0,3922105,5999,36,0,1.06,0.0,inf,3945480,18661,0.47,Americas
Cayman Islands (UK),27594,29,0,27565,0,0,0,0.11,0.0,inf,27171,423,1.56,Americas
Central African Republic,14675,113,0,14562,26,0,0,0.77,0.0,inf,14649,26,0.18,Africa
Chad,7426,193,0,7233,0,0,0,2.6,0.0,inf,7425,1,0.01,Africa
Chile,4035379,58631,0,3976748,5112,14,0,1.45,0.0,inf,3973291,62088,1.56,Americas
China,2147330,14633,0,2132697,2764,0,0,0.68,0.0,inf,2130033,17297,0.81,Western Pacific
Colombia,6175181,140070,0,6035111,0,0,0,2.27,0.0,inf,6151354,23827,0.39,Americas
Comoros,8161,160,0,8001,0,0,0,1.96,0.0,inf,8139,22,0.27,Africa
Congo (Brazzaville),24128,385,0,23743,0,0,0,1.6,0.0,inf,24128,0,0.0,Africa
Congo (Kinshasa),91393,1375,0,90018,0,0,0,1.5,0.0,inf,91082,311,0.34,Africa
Costa Rica,904934,8525,0,896409,0,0,0,0.94,0.0,inf,904934,0,0.0,Americas
Cote d'Ivoire,83729,805,0,82924,50,0,0,0.96,0.0,inf,83049,680,0.82,Africa
Croatia,1152335,16089,0,1136246,812,7,0,1.4,0.0,inf,1146183,6152,0.54,Europe
Cuba,1106203,8529,0,1097674,36,0,0,0.77,0.0,inf,1105978,225,0.02,Americas
Curacao (NL),44545,278,0,44267,0,0,0,0.62,0.0,inf,44440,105,0.24,Americas
Cyprus,515596,1075,0,514521,0,0,0,0.21,0.0,inf,504717,10879,2.16,Europe
Czechia,3937410,40324,0,3897086,540,0,0,1.02,0.0,inf,3931585,5825,0.15,Europe
Denmark,3180392,6494,0,3173898,2901,7,0,0.2,0.0,inf,3167267,13125,0.41,Europe
Djibouti,15690,189,0,15501,0,0,0,1.2,0.0,inf,15690,0,0.0,Eastern Mediterranean
Dominica,14852,68,0,14784,0,0,0,0.46,0.0,inf,14852,0,0.0,Americas
Dominican Republic,612548,4383,0,608165,967,0,0,0.72,0.0,inf,603256,9292,1.54,Americas
Ecuador,915679,35747,0,879932,1881,2,0,3.9,0.0,inf,901739,13940,1.55,Americas
Egypt,515645,24724,0,490921,0,1,0,4.79,0.0,inf,515645,0,0.0,Eastern Mediterranean
El Salvador,169646,4152,0,165494,0,2,0,2.45,0.0,inf,169646,0,0.0,Americas
Equatorial Guinea,16191,183,0,16008,77,0,0,1.13,0.0,inf,16034,157,0.98,Africa
Eritrea,9810,103,0,9707,5,0,0,1.05,0.0,inf,9796,14,0.14,Africa
Estonia,581560,2591,0,578969,1446,0,0,0.45,0.0,inf,580111,1449,0.25,Europe
Eswatini,73155,1416,0,71739,7,0,0,1.94,0.0,inf,73091,64,0.09,Africa
Ethiopia,489656,7544,0,482112,154,2,0,1.54,0.0,inf,488108,1548,0.32,Africa
Falkland Islands (Malvinas) (UK),1815,0,0,1815,0,0,0,0.0,0.0,0.0,1807,8,0.44,Africa
Faroe Islands (DK),34658,28,0,34630,0,0,0,0.08,0.0,inf,34658,0,0.0,Europe
Fiji,65889,866,0,65023,0,0,0,1.31,0.0,inf,65558,331,0.5,Western Pacific
Finland,1145610,4875,0,1140735,0,0,0,0.43,0.0,inf,1133597,12013,1.06,Europe
France,30863495,146862,0,30716633,198175,67,0,0.48,0.0,inf,30038881,824614,2.75,Europe
French Guiana,88362,401,0,87961,1451,0,0,0.45,0.0,inf,86911,1451,1.67,Americas
French Polynesia,73386,649,0,72737,0,0,0,0.88,0.0,inf,73268,118,0.16,Western Pacific
Gabon,47939,305,0,47634,0,0,0,0.64,0.0,inf,47824,115,0.24,Africa
Gambia,12002,365,0,11637,0,0,0,3.04,0.0,inf,12002,0,0.0,Africa
Georgia,1662299,16844,0,1645455,1870,3,0,1.01,0.0,inf,1659371,2928,0.18,Europe
Germany,28673212,141519,0,28531693,130728,122,0,0.49,0.0,inf,28048190,625022,2.23,Europe
Ghana,166546,1452,0,165094,0,0,0,0.87,0.0,inf,165749,797,0.48,Africa
Gibraltar (UK),19633,104,0,19529,0,0,0,0.53,0.0,inf,19306,327,1.69,Europe
Greece,3755074,30349,0,3724725,25875,22,0,0.81,0.0,inf,3644889,110185,3.02,Europe
Greenland (DK),11971,21,0,11950,0,0,0,0.18,0.0,inf,11971,0,0.0,Europe
Grenada,18475,232,0,18243,99,0,0,1.26,0.0,inf,18270,205,1.12,Americas
Guadeloupe (FR),171431,957,0,170474,2717,2,0,0.56,0.0,inf,168714,2717,1.61,Americas
Guatemala,922340,18628,0,903712,1194,12,0,2.02,0.0,inf,901300,21040,2.33,Americas
Guinea,37123,443,0,36680,0,0,0,1.19,0.0,inf,36817,306,0.83,Africa
Guinea-Bissau,8369,171,0,8198,0,0,0,2.04,0.0,inf,8348,21,0.25,Africa
Guyana,67699,1256,0,66443,42,0,0,1.86,0.0,inf,67221,478,0.71,Americas
Haiti,31677,837,0,30840,0,0,0,2.64,0.0,inf,31470,207,0.66,Americas
Holy See,29,0,0,29,0,0,0,0.0,0.0,0.0,29,0,0.0,Europe
Honduras,427718,10906,0,416812,0,0,0,2.55,0.0,inf,426879,839,0.2,Americas
Hungary,1928125,46647,0,1881478,0,0,0,2.42,0.0,inf,1925083,3042,0.16,Europe
Iceland,196527,179,0,196348,1268,0,0,0.09,0.0,inf,193987,2540,1.31,Europe
India,43547809,525270,0,43022539,16159,28,0,1.21,0.0,inf,43433345,114464,0.26,South-East Asia
Indonesia,6097928,156766,0,5941162,2577,8,0,2.57,0.0,inf,6084063,13865,0.23,South-East Asia
Iran,7241648,141408,0,7100240,1084,4,0,1.95,0.0,inf,7237156,4492,0.06,Eastern Mediterranean
Iraq,2364453,25247,0,2339206,4698,0,0,1.07,0.0,inf,2343265,21188,0.9,Eastern Mediterranean
Ireland,1600614,7499,0,1593115,0,0,0,0.47,0.0,inf,1587385,13229,0.83,Europe
Israel,4404214,10984,0,4393230,12939,0,0,0.25,0.0,inf,4328732,75482,1.74,Europe
Italy,18938771,168698,0,18770073,133015,94,0,0.89,0.0,inf,18343422,595349,3.25,Europe
Jamaica,143408,3145,0,140263,61,1,0,2.19,0.0,inf,142626,782,0.55,Americas
Japan,9441171,31348,0,9409823,36164,20,0,0.33,0.0,inf,9270305,170866,1.84,Western Pacific
Jordan,1700526,14068,0,1686458,0,0,0,0.83,0.0,inf,1699197,1329,0.08,Eastern Mediterranean
Kazakhstan,1396584,19018,0,1377566,159,0,0,1.36,0.0,inf,1395594,990,0.07,Europe
Kenya,334800,5657,0,329143,249,1,0,1.69,0.0,inf,332898,1902,0.57,Africa
Kiribati,3236,13,0,3223,0,0,0,0.4,0.0,inf,3236,0,0.0,Western Pacific
"Korea, North",1,6,0,-5,0,0,0,600.0,0.0,inf,1,0,0.0,
Kosovo,230054,3140,0,226914,213,0,0,1.36,0.0,inf,228873,1181,0.52,Europe
Kuwait,646098,2556,0,643542,1647,1,0,0.4,0.0,inf,643004,3094,0.48,Eastern Mediterranean
Kyrgyzstan,201101,2991,0,198110,0,0,0,1.49,0.0,inf,201053,48,0.02,Europe
Laos,210324,757,0,209567,11,0,0,0.36,0.0,inf,210258,66,0.03,Western Pacific
Latvia,837872,5862,0,832010,690,2,0,0.7,0.0,inf,834535,3337,0.4,Europe
Lebanon,1117540,10470,0,1107070,742,1,0,0.94,0.0,inf,1109423,8117,0.73,Eastern Mediterranean
Lesotho,33938,699,0,33239,0,0,0,2.06,0.0,inf,33938,0,0.0,Africa
Liberia,7500,294,0,7206,3,0,0,3.92,0.0,inf,7493,7,0.09,Africa
Libya,502189,6430,0,495759,0,0,0,1.28,0.0,inf,502138,51,0.01,Eastern Mediterranean
Liechtenstein,18032,85,0,17947,97,0,0,0.47,0.0,inf,17860,172,0.96,Europe
Lithuania,1162831,9176,0,1153655,647,1,0,0.79,0.0,inf,1160189,2642,0.23,Europe
Luxembourg,266904,1094,0,265810,1581,0,0,0.41,0.0,inf,261163,5741,2.2,Europe
Madagascar,65787,1401,0,64386,0,0,0,2.13,0.0,inf,65381,406,0.62,Africa
Malawi,86626,2646,0,83980,26,0,0,3.05,0.0,inf,86448,178,0.21,Africa
Malaysia,4578741,35787,0,4542954,2932,3,0,0.78,0.0,inf,4560583,18158,0.4,Western Pacific
Maldives,182720,306,0,182414,0,0,0,0.17,0.0,inf,181586,1134,0.62,South-East Asia
Mali,31176,737,0,30439,0,0,0,2.36,0.0,inf,31160,16,0.05,Africa
Malta,106068,751,0,105317,661,3,0,0.71,0.0,inf,102023,4045,3.96,Europe
Marshall Islands,32,0,0,32,0,0,0,0.0,0.0,0.0,18,14,77.78,Western Pacific
Martinique (FR),201211,971,0,200240,5299,6,0,0.48,0.0,inf,195912,5299,2.7,Americas
Mauritania,60489,984,0,59505,121,0,0,1.63,0.0,inf,59569,920,1.54,Africa
Mauritius,231036,1004,0,230032,0,0,0,0.43,0.0,inf,229479,1557,0.68,Africa
Mayotte (FR),37958,187,0,37771,0,0,0,0.49,0.0,inf,37877,81,0.21,Africa
Mexico,6121808,325868,0,5795940,27973,75,0,5.32,0.0,inf,5986917,134891,2.25,Americas
Micronesia,38,0,0,38,0,0,0,0.0,0.0,0.0,38,0,0.0,Western Pacific
Moldova,520321,11567,0,508754,0,0,0,2.22,0.0,inf,520168,153,0.03,Europe
Monaco,13197,59,0,13138,97,0,0,0.45,0.0,inf,12887,310,2.41,Europe
Mongolia,928981,2179,0,926802,0,0,0,0.23,0.0,inf,928013,968,0.1,Western Pacific
Montenegro,241623,2729,0,238894,433,0,0,1.13,0.0,inf,239552,2071,0.86,Europe
Montserrat (UK),1020,8,0,1012,0,0,0,0.78,0.0,inf,1016,4,0.39,Americas
Morocco,1230095,16131,0,1213964,3849,11,0,1.31,0.0,inf,1209302,20793,1.72,Eastern Mediterranean
Mozambique,228317,2213,0,226104,91,1,0,0.97,0.0,inf,227725,592,0.26,Africa
Namibia,169253,4065,0,165188,6,0,0,2.4,0.0,inf,169076,177,0.1,Africa
Nepal,979908,11952,0,967956,73,0,0,1.22,0.0,inf,979607,301,0.03,South-East Asia
Netherlands,8210551,22392,0,8188159,6653,9,0,0.27,0.0,inf,8171299,39252,0.48,Europe
New Zealand,1380325,1535,0,1378790,16,0,0,0.11,0.0,inf,1336312,44013,3.29,Western Pacific
Nicaragua,14690,242,0,14448,0,0,0,1.65,0.0,inf,14619,71,0.49,Americas
Niger,9031,310,0,8721,0,0,0,3.43,0.0,inf,9031,0,0.0,Africa
Nigeria,257637,3144,0,254493,0,0,0,1.22,0.0,inf,256958,679,0.26,Africa
North Macedonia,314794,9327,0,305467,293,0,0,2.96,0.0,inf,313708,1086,0.35,Europe
Norway,1449207,3337,0,1445870,528,0,0,0.23,0.0,inf,1445824,3383,0.23,Europe
Oman,391641,4628,0,387013,1397,0,0,1.18,0.0,inf,390244,1397,0.36,Eastern Mediterranean
Pakistan,1539275,30403,0,1508872,0,0,0,1.98,0.0,inf,1535144,4131,0.27,Eastern Mediterranean
Palau,5269,6,0,5263,32,0,0,0.11,0.0,inf,5220,49,0.94,Western Pacific
Panama,925254,8373,0,916881,0,0,0,0.9,0.0,inf,917912,7342,0.8,Americas
Papua New Guinea,44732,662,0,44070,4,0,0,1.48,0.0,inf,44711,21,0.05,Western Pacific
Paraguay,660841,18994,0,641847,0,0,0,2.87,0.0,inf,655532,5309,0.81,Americas
Peru,3644199,213593,0,3430606,4138,14,0,5.86,0.0,inf,3620801,23398,0.65,Americas
Philippines,3710145,60610,0,3649535,759,8,0,1.63,0.0,inf,3702319,7826,0.21,Western Pacific
Poland,6017601,116437,0,5901164,1075,2,0,1.93,0.0,inf,6013859,3742,0.06,Europe
Portugal,5214701,24236,0,5190465,43465,87,0,0.46,0.0,inf,5154296,60405,1.17,Europe
Qatar,385830,679,0,385151,667,0,0,0.18,0.0,inf,381269,4561,1.2,Eastern Mediterranean
Reunion (FR),422769,812,0,421957,0,0,0,0.19,0.0,inf,422769,0,0.0,Africa
Romania,2927187,65755,0,2861432,0,0,0,2.25,0.0,inf,2919461,7726,0.26,Europe
Russia,18176132,373640,0,17802492,2652,45,0,2.06,0.0,inf,18155165,20967,0.12,Europe
Rwanda,131347,1461,0,129886,77,1,0,1.11,0.0,inf,130902,445,0.34,Africa
Saint Kitts and Nevis,6193,43,0,6150,36,0,0,0.69,0.0,inf,5992,201,3.35,Americas
Saint Lucia,27133,385,0,26748,39,2,0,1.42,0.0,inf,26984,149,0.55,Americas
Saint Pierre and Miquelon (FR),2779,1,0,2778,0,0,0,0.04,0.0,inf,2767,12,0.43,Americas
Saint Vincent and the Grenadines,9060,114,0,8946,2,0,0,1.26,0.0,inf,9038,22,0.24,Americas
Samoa,14995,29,0,14966,0,0,0,0.19,0.0,inf,14906,89,0.6,Western Pacific
San Marino,18361,115,0,18246,125,0,0,0.63,0.0,inf,17767,594,3.34,Europe
Sao Tome and Principe,6064,74,0,5990,0,0,0,1.22,0.0,inf,6043,21,0.35,Africa
Saudi Arabia,797940,9212,0,788728,566,1,0,1.15,0.0,inf,793729,4211,0.53,Eastern Mediterranean
Senegal,86399,1968,0,84431,17,0,0,2.28,0.0,inf,86289,110,0.13,Africa
Serbia,2034544,16135,0,2018409,1364,3,0,0.79,0.0,inf,2027606,6938,0.34,Europe
Seychelles,44932,167,0,44765,85,0,0,0.37,0.0,inf,44669,263,0.59,Africa
Sierra Leone,7704,125,0,7579,0,0,0,1.62,0.0,inf,7695,9,0.12,Africa
Singapore,1485964,1421,0,1484543,12784,2,0,0.1,0.0,inf,1425171,60793,4.27,Western Pacific
Sint Maarten (NL),10601,87,0,10514,0,0,0,0.82,0.0,inf,10580,21,0.2,Americas
Slovakia,2551116,20147,0,2530969,0,0,0,0.79,0.0,inf,2549692,1424,0.06,Europe
Slovenia,1043268,6657,0,1036611,1842,2,0,0.64,0.0,inf,1036653,6615,0.64,Europe
Solomon Islands,21544,153,0,21391,0,0,0,0.71,0.0,inf,21544,0,0.0,Western Pacific
Somalia,26803,1361,0,25442,0,0,0,5.08,0.0,inf,26803,0,0.0,Eastern Mediterranean
South Africa,3995784,101847,0,3893937,493,35,0,2.55,0.0,inf,3993004,2780,0.07,Africa
South Korea,18433359,24583,0,18408776,19362,7,0,0.13,0.0,inf,18349756,83603,0.46,Western Pacific
South Sudan,17733,138,0,17595,11,0,0,0.78,0.0,inf,17722,11,0.06,Africa
Spain,12890002,108259,0,12781743,71818,148,0,0.84,0.0,inf,12734038,155964,1.22,Europe
Sri Lanka,664194,16523,0,647671,13,1,0,2.49,0.0,inf,664098,96,0.01,South-East Asia
Sudan,62704,4952,0,57752,8,0,0,7.9,0.0,inf,62551,153,0.24,Eastern Mediterranean
Summer Olympics 2020,865,0,0,865,0,0,0,0.0,0.0,0.0,865,0,0.0,
Suriname,80890,1376,0,79514,26,7,0,1.7,0.0,inf,80864,26,0.03,Americas
Sweden,2519199,19124,0,2500075,0,0,0,0.76,0.0,inf,2515769,3430,0.14,Europe
Switzerland,3805774,13835,0,3791939,46044,2,0,0.36,0.0,inf,3759730,46044,1.22,Europe
Syria,55937,3150,0,52787,3,0,0,5.63,0.0,inf,55925,12,0.02,Eastern Mediterranean
Taiwan*,3929627,7128,0,3922499,35984,103,0,0.18,0.0,inf,3686338,243289,6.6,Western Pacific
Tajikistan,17786,125,0,17661,0,0,0,0.7,0.0,inf,17786,0,0.0,Europe
Tanzania,35768,841,0,34927,0,0,0,2.35,0.0,inf,35366,402,1.14,Africa
Thailand,4536445,30758,0,4505687,2428,22,0,0.68,0.0,inf,4517651,18794,0.42,South-East Asia
Timor-Leste,22961,133,0,22828,2,0,0,0.58,0.0,inf,22954,7,0.03,South-East Asia
Togo,37493,275,0,37218,11,0,0,0.73,0.0,inf,37361,132,0.35,Africa
Tonga,12301,12,0,12289,0,0,0,0.1,0.0,inf,12301,0,0.0,Western Pacific
Trinidad and Tobago,167585,4016,0,163569,90,3,0,2.4,0.0,inf,166900,685,0.41,Americas
Tunisia,1052180,28691,0,1023489,0,0,0,2.73,0.0,inf,1046703,5477,0.52,Eastern Mediterranean
Turkey,15180444,99057,0,15081387,0,0,0,0.65,0.0,inf,15096696,83748,0.55,Europe
Turks and Caicos Islands (UK),6234,36,0,6198,15,0,0,0.58,0.0,inf,6211,23,0.37,Americas
US,88066096,1018349,0,87047747,179507,434,0,1.16,0.0,inf,87296327,769769,0.88,Americas
Uganda,167979,3621,0,164358,0,0,0,2.16,0.0,inf,167511,468,0.28,Africa
Ukraine,5040518,112459,0,4928059,0,0,0,2.23,0.0,inf,5040518,0,0.0,Europe
United Arab Emirates,954692,2319,0,952373,1732,0,0,0.24,0.0,inf,942253,12439,1.32,Eastern Mediterranean
United Kingdom,22875677,180845,0,22694832,997,1,0,0.79,0.0,inf,22789653,86024,0.38,Europe
Uruguay,962251,7351,0,954900,4622,20,0,0.76,0.0,inf,957629,4622,0.48,Americas
Uzbekistan,241196,1637,0,239559,74,0,0,0.68,0.0,inf,240569,627,0.26,Europe
Vanuatu,11447,14,0,11433,58,0,0,0.12,0.0,inf,11206,241,2.15,Western Pacific
Venezuela,527074,5735,0,521339,0,0,0,1.09,0.0,inf,525827,1247,0.24,Americas
Vietnam,10750313,43089,0,10707224,989,1,0,0.4,0.0,inf,10744854,5459,0.05,Western Pacific
West Bank and Gaza,662490,5662,0,656828,0,0,0,0.85,0.0,inf,659853,2637,0.4,Eastern Mediterranean
Winter Olympics 2022,535,0,0,535,0,0,0,0.0,0.0,0.0,535,0,0.0,
Yemen,11832,2149,0,9683,0,0,0,18.16,0.0,inf,11824,8,0.07,Eastern Mediterranean
Zambia,326259,4007,0,322252,0,0,0,1.23,0.0,inf,325498,761,0.23,Africa
Zimbabwe,255755,5558,0,250197,29,0,0,2.17,0.0,inf,255383,372,0.15,Africa
