Country,Confirmed,Deaths,Recovered,Active,New cases,New deaths,New recovered,Deaths / 100 Cases,Recovered / 100 Cases,Deaths / 100 Recovered,Confirmed last week,1 week change,1 week % increase,WHO Region
Afghanistan,177716,7667,0,170049,58,2,0,4.31,0.0,inf,177321,395,0.22,Eastern Mediterranean
Albania,273608,3492,0,270116,79,0,0,1.28,0.0,inf,273164,444,0.16,Europe
Algeria,265662,6874,0,258788,11,0,0,2.59,0.0,inf,265585,77,0.03,Africa
Andorra,40024,153,0,39871,311,0,0,0.38,0.0,inf,39713,311,0.78,Europe
Angola,99138,1900,0,97238,0,0,0,1.92,0.0,inf,99058,80,0.08,Africa
Anguilla (UK),2700,9,0,2691,0,0,0,0.33,0.0,inf,2633,67,2.54,Americas
Antarctica,11,0,0,11,0,0,0,0.0,0.0,0.0,11,0,0.0,
Antigua and Barbuda,7491,135,0,7356,0,0,0,1.8,0.0,inf,7482,9,0.12,Americas
Argentina,9035127,127997,0,8907130,2965,27,0,1.42,0.0,inf,9019660,15467,0.17,Americas
Armenia,422498,8611,0,413887,14,0,0,2.04,0.0,inf,422382,116,0.03,Europe
Aruba (NL),33966,212,0,33754,37,0,0,0.62,0.0,inf,33843,123,0.36,Americas
Australia,4507681,5993,0,4501688,60239,34,0,0.13,0.0,inf,4113691,393990,9.58,Western Pacific
Austria,3805155,15812,0,3789343,34743,48,0,0.42,0.0,inf,3585486,219669,6.13,Europe
Azerbaijan,791876,9691,0,782185,62,4,0,1.22,0.0,inf,791583,293,0.04,Europe
Bahamas,33258,788,0,32470,0,0,0,2.37,0.0,inf,33238,20,0.06,Americas
Bahrain,553750,1470,0,552280,860,0,0,0.27,0.0,inf,547951,5799,1.06,Eastern Mediterranean
Bangladesh,1951504,29122,0,1922382,72,2,0,1.49,0.0,inf,1950980,524,0.03,South-East Asia
Barbados,59080,331,0,58749,218,0,0,0.56,0.0,inf,58018,1062,1.83,Americas
Belarus,961389,6810,0,954579,1144,11,0,0.71,0.0,inf,953901,7488,0.78,Europe
Belgium,3807447,30747,0,3776700,0,0,0,0.81,0.0,inf,3757776,49671,1.32,Europe
Belize,57277,654,0,56623,24,0,0,1.14,0.0,inf,57203,74,0.13,Americas
Benin,26952,163,0,26789,0,0,0,0.6,0.0,inf,26952,0,0.0,Africa
Bhutan,26963,10,0,26953,1087,0,0,0.04,0.0,inf,23155,3808,16.45,South-East Asia
Bolivia,901943,21894,0,880049,191,0,0,2.43,0.0,inf,900260,1683,0.19,Americas
Bosnia and Herzegovina,375332,15710,0,359622,110,2,0,4.19,0.0,inf,374573,759,0.2,Europe
Botswana,305526,2686,0,302840,41576,67,0,0.88,0.0,inf,263950,41576,15.75,Africa
Brazil,29920604,659769,0,29260835,33413,261,0,2.21,0.0,inf,29738362,182242,0.61,Americas
British Virgin Islands (UK),6141,62,0,6079,0,0,0,1.01,0.0,inf,6104,37,0.61,Americas
Brunei,133726,208,0,133518,745,2,0,0.16,0.0,inf,128306,5420,4.22,Western Pacific
Bulgaria,1137780,36512,0,1101268,1176,14,0,3.21,0.0,inf,1129641,8139,0.72,Europe
Burkina Faso,20853,382,0,20471,0,0,0,1.83,0.0,inf,20813,40,0.19,Africa
Burma,611448,19430,0,592018,173,0,0,3.18,0.0,inf,609915,1533,0.25,South-East Asia
Burundi,38490,38,0,38452,8,0,0,0.1,0.0,inf,38406,84,0.22,Africa
Cabo Verde,55950,401,0,55549,0,0,0,0.72,0.0,inf,55934,16,0.03,Africa
Cambodia,135585,3054,0,132531,33,0,0,2.25,0.0,inf,135222,363,0.27,Western Pacific
Cameroon,119544,1927,0,117617,0,0,0,1.61,0.0,inf,119544,0,0.0,Africa
Canada,3481106,37600,0,3443506,10976,59,0,1.08,0.0,inf,3429394,51712,1.51,Americas
Cayman Islands (UK),20606,25,0,20581,0,0,0,0.12,0.0,inf,20336,270,1.33,Americas
Central African Republic,14649,113,0,14536,0,0,0,0.77,0.0,inf,14649,0,0.0,Africa
Chad,7310,191,0,7119,0,0,0,2.61,0.0,inf,7288,22,0.3,Africa
Chile,3464425,56467,0,3407958,5926,3,0,1.63,0.0,inf,3415989,48436,1.42,Americas
China,1370266,12344,0,1357922,8820,135,0,0.9,0.0,inf,1267825,102441,8.08,Western Pacific
Colombia,6084551,139595,0,5944956,311,0,0,2.29,0.0,inf,6082226,2325,0.04,Americas
Comoros,8086,160,0,7926,1,0,0,1.98,0.0,inf,8078,8,0.1,Africa
Congo (Brazzaville),24069,384,0,23685,0,0,0,1.6,0.0,inf,24062,7,0.03,Africa
Congo (Kinshasa),86748,1337,0,85411,33,0,0,1.54,0.0,inf,86585,163,0.19,Africa
Costa Rica,837828,8298,0,829530,3102,32,0,0.99,0.0,inf,832966,4862,0.58,Americas
Cote d'Ivoire,81722,796,0,80926,3,0,0,0.97,0.0,inf,81675,47,0.06,Africa
Croatia,1097409,15563,0,1081846,2294,15,0,1.42,0.0,inf,1087635,9774,0.9,Europe
Cuba,1089452,8510,0,1080942,814,0,0,0.78,0.0,inf,1083691,5761,0.53,Americas
Curacao (NL),40346,267,0,40079,129,0,0,0.66,0.0,inf,39853,493,1.24,Americas
Cyprus,426377,938,0,425439,4774,1,0,0.22,0.0,inf,392019,34358,8.76,Europe
Czechia,3815526,39673,0,3775853,7425,33,0,1.04,0.0,inf,3761164,54362,1.45,Europe
Denmark,3054842,5668,0,3049174,4411,83,0,0.19,0.0,inf,3023820,31022,1.03,Europe
Djibouti,15585,189,0,15396,0,0,0,1.21,0.0,inf,15578,7,0.04,Eastern Mediterranean
Dominica,11839,63,0,11776,23,0,0,0.53,0.0,inf,11777,62,0.53,Americas
Dominican Republic,578020,4375,0,573645,110,0,0,0.76,0.0,inf,577476,544,0.09,Americas
Ecuador,859890,35421,0,824469,683,0,0,4.12,0.0,inf,854252,5638,0.66,Americas
Egypt,505264,24417,0,480847,0,0,0,4.83,0.0,inf,500889,4375,0.87,Eastern Mediterranean
El Salvador,161052,4118,0,156934,0,0,0,2.56,0.0,inf,161052,0,0.0,Americas
Equatorial Guinea,16000,183,0,15817,0,0,0,1.14,0.0,inf,15999,1,0.01,Africa
Eritrea,9727,103,0,9624,3,0,0,1.06,0.0,inf,9723,4,0.04,Africa
Estonia,555140,2451,0,552689,1404,3,0,0.44,0.0,inf,546885,8255,1.51,Europe
Eswatini,69723,1394,0,68329,28,0,0,2.0,0.0,inf,69610,113,0.16,Africa
Ethiopia,469704,7492,0,462212,25,0,0,1.6,0.0,inf,469523,181,0.04,Africa
Falkland Islands (Malvinas) (UK),123,0,0,123,0,0,0,0.0,0.0,0.0,119,4,3.36,Africa
Faroe Islands (DK),34658,28,0,34630,0,0,0,0.08,0.0,inf,34658,0,0.0,Europe
Fiji,64404,834,0,63570,10,0,0,1.29,0.0,inf,64335,69,0.11,Western Pacific
Finland,874135,3105,0,871030,9320,50,0,0.36,0.0,inf,821536,52599,6.4,Europe
France,24826566,139387,0,24687179,167921,148,0,0.56,0.0,inf,23896908,929658,3.89,Europe
French Guiana,78679,394,0,78285,0,0,0,0.5,0.0,inf,78326,353,0.45,Americas
French Polynesia,72195,646,0,71549,0,0,0,0.89,0.0,inf,71673,522,0.73,Western Pacific
Gabon,47584,303,0,47281,0,0,0,0.64,0.0,inf,47581,3,0.01,Africa
Gambia,11988,365,0,11623,0,0,0,3.04,0.0,inf,11978,10,0.08,Africa
Georgia,1647796,16739,0,1631057,553,9,0,1.02,0.0,inf,1644112,3684,0.22,Europe
Germany,20829608,129112,0,20700496,268477,348,0,0.62,0.0,inf,19278143,1551465,8.05,Europe
Ghana,160925,1445,0,159480,0,0,0,0.9,0.0,inf,160870,55,0.03,Africa
Gibraltar (UK),16854,101,0,16753,3,0,0,0.6,0.0,inf,16542,312,1.89,Europe
Greece,3009333,27454,0,2981879,22451,62,0,0.91,0.0,inf,2861993,147340,5.15,Europe
Greenland (DK),11971,21,0,11950,0,0,0,0.18,0.0,inf,11952,19,0.16,Europe
Grenada,13998,218,0,13780,16,0,0,1.56,0.0,inf,13954,44,0.32,Americas
Guadeloupe (FR),135981,931,0,135050,0,0,0,0.68,0.0,inf,132359,3622,2.74,Americas
Guatemala,827596,17300,0,810296,1535,5,0,2.09,0.0,inf,820477,7119,0.87,Americas
Guinea,36459,440,0,36019,0,0,0,1.21,0.0,inf,36459,0,0.0,Africa
Guinea-Bissau,8149,170,0,7979,9,0,0,2.09,0.0,inf,8124,25,0.31,Africa
Guyana,63246,1226,0,62020,7,0,0,1.94,0.0,inf,63208,38,0.06,Americas
Haiti,30545,833,0,29712,16,0,0,2.73,0.0,inf,30511,34,0.11,Americas
Holy See,29,0,0,29,0,0,0,0.0,0.0,0.0,29,0,0.0,Europe
Honduras,421013,10880,0,410133,35,2,0,2.58,0.0,inf,418492,2521,0.6,Americas
Hungary,1849217,45430,0,1803787,2906,40,0,2.46,0.0,inf,1834268,14949,0.81,Europe
Iceland,180950,98,0,180852,1137,1,0,0.05,0.0,inf,176179,4771,2.71,Europe
India,43024440,521129,0,42503311,1225,28,0,1.21,0.0,inf,43014687,9753,0.02,South-East Asia
Indonesia,6009486,155000,0,5854486,3840,118,0,2.58,0.0,inf,5981022,28464,0.48,South-East Asia
Iran,7159733,140158,0,7019575,2987,49,0,1.96,0.0,inf,7144532,15201,0.21,Eastern Mediterranean
Iraq,2319209,25163,0,2294046,344,3,0,1.08,0.0,inf,2316758,2451,0.11,Eastern Mediterranean
Ireland,1454182,6740,0,1447442,5370,10,0,0.46,0.0,inf,1404929,49253,3.51,Europe
Israel,3904298,10485,0,3893813,10164,0,0,0.27,0.0,inf,3814628,89670,2.35,Europe
Italy,14567990,159224,0,14408766,71411,170,0,1.09,0.0,inf,14070450,497540,3.54,Europe
Jamaica,128735,2884,0,125851,8,2,0,2.24,0.0,inf,128594,141,0.11,Americas
Japan,6504032,28018,0,6476014,53609,96,0,0.43,0.0,inf,6188977,315055,5.09,Western Pacific
Jordan,1692485,14031,0,1678454,0,0,0,0.83,0.0,inf,1689314,3171,0.19,Eastern Mediterranean
Kazakhstan,1393786,19011,0,1374775,97,0,0,1.36,0.0,inf,1393522,264,0.02,Europe
Kenya,323402,5648,0,317754,7,0,0,1.75,0.0,inf,323319,83,0.03,Africa
Kiribati,3065,13,0,3052,0,0,0,0.42,0.0,inf,3060,5,0.16,Western Pacific
Kosovo,227439,3132,0,224307,30,0,0,1.38,0.0,inf,227231,208,0.09,Europe
Kuwait,628978,2554,0,626424,0,0,0,0.41,0.0,inf,627753,1225,0.2,Eastern Mediterranean
Kyrgyzstan,200923,2988,0,197935,14,2,0,1.49,0.0,inf,200836,87,0.04,Europe
Laos,174136,664,0,173472,2697,1,0,0.38,0.0,inf,159047,15089,9.49,Western Pacific
Latvia,796890,5608,0,791282,2443,12,0,0.7,0.0,inf,780831,16059,2.06,Europe
Lebanon,1091777,10297,0,1081480,364,5,0,0.94,0.0,inf,1089419,2358,0.22,Eastern Mediterranean
Lesotho,32899,697,0,32202,19,0,0,2.12,0.0,inf,32880,19,0.06,Africa
Liberia,7400,294,0,7106,0,0,0,3.97,0.0,inf,7397,3,0.04,Africa
Libya,501657,6413,0,495244,47,2,0,1.28,0.0,inf,501296,361,0.07,Eastern Mediterranean
Liechtenstein,16286,84,0,16202,110,0,0,0.52,0.0,inf,15649,637,4.07,Europe
Lithuania,1021961,8866,0,1013095,3203,8,0,0.87,0.0,inf,1002365,19596,1.95,Europe
Luxembourg,214099,1035,0,213064,1709,0,0,0.48,0.0,inf,203861,10238,5.02,Europe
Madagascar,64009,1384,0,62625,0,0,0,2.16,0.0,inf,63928,81,0.13,Africa
Malawi,85631,2626,0,83005,6,0,0,3.07,0.0,inf,85574,57,0.07,Africa
Malaysia,4183359,34939,0,4148420,15941,33,0,0.84,0.0,inf,4054926,128433,3.17,Western Pacific
Maldives,177000,298,0,176702,0,0,0,0.17,0.0,inf,174658,2342,1.34,South-East Asia
Mali,30480,727,0,29753,4,0,0,2.39,0.0,inf,30463,17,0.06,Africa
Malta,78779,638,0,78141,1677,7,0,0.81,0.0,inf,75477,3302,4.37,Europe
Marshall Islands,7,0,0,7,0,0,0,0.0,0.0,0.0,7,0,0.0,Western Pacific
Martinique (FR),144314,913,0,143401,1139,1,0,0.63,0.0,inf,138039,6275,4.55,Americas
Mauritania,58668,982,0,57686,0,0,0,1.67,0.0,inf,58665,3,0.01,Africa
Mauritius,210343,968,0,209375,6143,0,0,0.46,0.0,inf,192558,17785,9.24,Africa
Mayotte (FR),36839,187,0,36652,0,0,0,0.51,0.0,inf,36800,39,0.11,Africa
Mexico,5654311,322845,0,5331466,0,0,0,5.71,0.0,inf,5636054,18257,0.32,Americas
Micronesia,1,0,0,1,0,0,0,0.0,0.0,0.0,1,0,0.0,Western Pacific
Moldova,513146,11428,0,501718,204,5,0,2.23,0.0,inf,511231,1915,0.37,Europe
Monaco,10721,54,0,10667,51,0,0,0.5,0.0,inf,10369,352,3.39,Europe
Mongolia,918867,2177,0,916690,0,0,0,0.24,0.0,inf,917406,1461,0.16,Western Pacific
Montenegro,233010,2702,0,230308,86,2,0,1.16,0.0,inf,232462,548,0.24,Europe
Montserrat (UK),175,2,0,173,0,0,0,1.14,0.0,inf,174,1,0.57,Americas
Morocco,1163214,16060,0,1147154,105,1,0,1.38,0.0,inf,1162686,528,0.05,Eastern Mediterranean
Mozambique,225249,2200,0,223049,5,0,0,0.98,0.0,inf,225220,29,0.01,Africa
Namibia,157622,4019,0,153603,0,0,0,2.55,0.0,inf,157552,70,0.04,Africa
Nepal,978402,11951,0,966451,25,0,0,1.22,0.0,inf,978265,137,0.01,South-East Asia
Netherlands,7917961,21982,0,7895979,27766,37,0,0.28,0.0,inf,7710760,207201,2.69,Europe
New Zealand,661058,299,0,660759,15438,21,0,0.05,0.0,inf,558278,102780,18.41,Western Pacific
Nicaragua,18434,230,0,18204,0,1,0,1.25,0.0,inf,18365,69,0.38,Americas
Niger,8801,308,0,8493,0,0,0,3.5,0.0,inf,8799,2,0.02,Africa
Nigeria,255415,3142,0,252273,74,0,0,1.23,0.0,inf,255244,171,0.07,Africa
North Macedonia,305717,9220,0,296497,294,6,0,3.02,0.0,inf,304047,1670,0.55,Europe
Norway,1404207,2518,0,1401689,1988,179,0,0.18,0.0,inf,1390035,14172,1.02,Europe
Oman,388279,4250,0,384029,50,0,0,1.09,0.0,inf,387829,450,0.12,Eastern Mediterranean
Pakistan,1524793,30355,0,1494438,244,6,0,1.99,0.0,inf,1523072,1721,0.11,Eastern Mediterranean
Palau,4024,6,0,4018,10,0,0,0.15,0.0,inf,3976,48,1.21,Western Pacific
Panama,764243,8168,0,756075,310,0,0,1.07,0.0,inf,762394,1849,0.24,Americas
Papua New Guinea,43203,640,0,42563,0,0,0,1.48,0.0,inf,41533,1670,4.02,Western Pacific
Paraguay,647950,18664,0,629286,0,0,0,2.88,0.0,inf,647538,412,0.06,Americas
Peru,3546696,212207,0,3334489,1068,50,0,5.98,0.0,inf,3542602,4094,0.12,Americas
Philippines,3677924,59125,0,3618799,308,87,0,1.61,0.0,inf,3675384,2540,0.07,Western Pacific
Poland,5957940,115040,0,5842900,5740,101,0,1.93,0.0,inf,5915888,42052,0.71,Europe
Portugal,3534003,21545,0,3512458,0,0,0,0.61,0.0,inf,3458727,75276,2.18,Europe
Qatar,361283,677,0,360606,123,0,0,0.19,0.0,inf,360382,901,0.25,Eastern Mediterranean
Reunion (FR),336945,709,0,336236,0,0,0,0.21,0.0,inf,327189,9756,2.98,Africa
Romania,2850598,64994,0,2785604,3583,36,0,2.28,0.0,inf,2827936,22662,0.8,Europe
Russia,17564186,361014,0,17203172,19767,340,0,2.06,0.0,inf,17408475,155711,0.89,Europe
Rwanda,129718,1459,0,128259,4,0,0,1.12,0.0,inf,129693,25,0.02,Africa
Saint Kitts and Nevis,5549,43,0,5506,0,1,0,0.77,0.0,inf,5548,1,0.02,Americas
Saint Lucia,22953,365,0,22588,6,0,0,1.59,0.0,inf,22905,48,0.21,Americas
Saint Pierre and Miquelon (FR),1957,1,0,1956,27,0,0,0.05,0.0,inf,1781,176,9.88,Americas
Saint Vincent and the Grenadines,8335,106,0,8229,0,0,0,1.27,0.0,inf,8330,5,0.06,Americas
Samoa,1541,0,0,1541,0,0,0,0.0,0.0,0.0,295,1246,422.37,Western Pacific
San Marino,15307,113,0,15194,35,0,0,0.74,0.0,inf,15079,228,1.51,Europe
Sao Tome and Principe,5945,73,0,5872,0,0,0,1.23,0.0,inf,5943,2,0.03,Africa
Saudi Arabia,750707,9043,0,741664,118,1,0,1.2,0.0,inf,749965,742,0.1,Eastern Mediterranean
Senegal,85886,1964,0,83922,6,0,0,2.29,0.0,inf,85838,48,0.06,Africa
Serbia,1974652,15788,0,1958864,1892,9,0,0.8,0.0,inf,1962013,12639,0.64,Europe
Seychelles,40421,164,0,40257,212,0,0,0.41,0.0,inf,39991,430,1.08,Africa
Sierra Leone,7674,125,0,7549,0,0,0,1.63,0.0,inf,7674,0,0.0,Africa
Singapore,1090823,1263,0,1089560,5729,5,0,0.12,0.0,inf,1044661,46162,4.42,Western Pacific
Sint Maarten (NL),9715,86,0,9629,17,0,0,0.89,0.0,inf,9665,50,0.52,Americas
Slovakia,2434708,19334,0,2415374,8046,23,0,0.79,0.0,inf,2379094,55614,2.34,Europe
Slovenia,965295,6482,0,958813,3096,2,0,0.67,0.0,inf,946340,18955,2.0,Europe
Solomon Islands,11174,133,0,11041,396,0,0,1.19,0.0,inf,10204,970,9.51,Western Pacific
Somalia,26410,1361,0,25049,0,0,0,5.15,0.0,inf,26410,0,0.0,Eastern Mediterranean
South Africa,3717067,100020,0,3617047,1677,44,0,2.69,0.0,inf,3707089,9978,0.27,Africa
South Korea,13095631,16230,0,13079401,320675,375,0,0.12,0.0,inf,10822836,2272795,21.0,Western Pacific
South Sudan,17237,138,0,17099,0,0,0,0.8,0.0,inf,17153,84,0.49,Africa
Spain,11508309,102218,0,11406091,0,0,0,0.89,0.0,inf,11378784,129525,1.14,Europe
Sri Lanka,661453,16473,0,644980,168,4,0,2.49,0.0,inf,660151,1302,0.2,South-East Asia
Sudan,61929,4905,0,57024,0,0,0,7.92,0.0,inf,61862,67,0.11,Eastern Mediterranean
Summer Olympics 2020,865,0,0,865,0,0,0,0.0,0.0,0.0,865,0,0.0,
Suriname,79202,1324,0,77878,14,0,0,1.67,0.0,inf,79100,102,0.13,Americas
Sweden,2481736,18189,0,2463547,0,0,0,0.73,0.0,inf,2475687,6049,0.24,Europe
Switzerland,3484702,13558,0,3471144,16413,24,0,0.39,0.0,inf,3379845,104857,3.1,Europe
Syria,55688,3140,0,52548,8,2,0,5.64,0.0,inf,55595,93,0.17,Eastern Mediterranean
Taiwan*,23155,853,0,22302,163,0,0,3.68,0.0,inf,22188,967,4.36,Western Pacific
Tajikistan,17786,125,0,17661,0,0,0,0.7,0.0,inf,17786,0,0.0,Europe
Tanzania,33815,800,0,33015,18,0,0,2.37,0.0,inf,33797,18,0.05,Africa
Thailand,3628347,25130,0,3603217,27560,85,0,0.69,0.0,inf,3423956,204391,5.97,South-East Asia
Timor-Leste,22830,130,0,22700,3,0,0,0.57,0.0,inf,22818,12,0.05,South-East Asia
Togo,36930,272,0,36658,6,0,0,0.74,0.0,inf,36902,28,0.08,Africa
Tonga,6423,6,0,6417,832,4,0,0.09,0.0,inf,3784,2639,69.74,Western Pacific
Trinidad and Tobago,137757,3746,0,134011,261,5,0,2.72,0.0,inf,135854,1903,1.4,Americas
Tunisia,1035884,28323,0,1007561,0,0,0,2.73,0.0,inf,1033731,2153,0.21,Eastern Mediterranean
Turkey,14846224,97977,0,14748247,14993,53,0,0.66,0.0,inf,14743437,102787,0.7,Europe
Turks and Caicos Islands (UK),5910,36,0,5874,0,0,0,0.61,0.0,inf,5888,22,0.37,Americas
US,80057236,979869,0,79077367,38108,1221,0,1.22,0.0,inf,79845757,211479,0.26,Americas
Uganda,163892,3596,0,160296,14,0,0,2.19,0.0,inf,163775,117,0.07,Africa
Ukraine,5040518,112459,0,4928059,0,0,0,2.23,0.0,inf,5040518,0,0.0,Europe
United Arab Emirates,890987,2302,0,888685,288,0,0,0.26,0.0,inf,888718,2269,0.26,Eastern Mediterranean
United Kingdom,21182206,165547,0,21016659,88943,213,0,0.78,0.0,inf,20617299,564907,2.74,Europe
Uruguay,887028,7156,0,879872,1048,0,0,0.81,0.0,inf,879618,7410,0.84,Americas
Uzbekistan,237710,1637,0,236073,23,0,0,0.69,0.0,inf,237527,183,0.08,Europe
Vanuatu,3128,2,0,3126,416,1,0,0.06,0.0,inf,1373,1755,127.82,Western Pacific
Venezuela,520373,5682,0,514691,204,2,0,1.09,0.0,inf,519797,576,0.11,Americas
Vietnam,9472254,42454,0,9429800,85765,41,0,0.45,0.0,inf,8479751,992503,11.7,Western Pacific
West Bank and Gaza,655750,5655,0,650095,0,0,0,0.86,0.0,inf,654954,796,0.12,Eastern Mediterranean
Winter Olympics 2022,535,0,0,535,0,0,0,0.0,0.0,0.0,535,0,0.0,
Yemen,11805,2143,0,9662,2,0,0,18.15,0.0,inf,11802,3,0.03,Eastern Mediterranean
Zambia,316550,3966,0,312584,0,0,0,1.25,0.0,inf,316190,360,0.11,Africa
Zimbabwe,246182,5440,0,240742,140,1,0,2.21,0.0,inf,244958,1224,0.5,Africa
