Country,Confirmed,Deaths,Recovered,Active,New cases,New deaths,New recovered,Deaths / 100 Cases,Recovered / 100 Cases,Deaths / 100 Recovered,Confirmed last week,1 week change,1 week % increase,WHO Region
Afghanistan,199386,7801,0,191585,76,1,0,3.91,0.0,inf,198416,970,0.49,Eastern Mediterranean
Albania,332285,3589,0,328696,22,0,0,1.08,0.0,inf,331976,309,0.09,Europe
Algeria,270679,6879,0,263800,3,0,0,2.54,0.0,inf,270641,38,0.01,Africa
Andorra,46227,155,0,46072,0,0,0,0.34,0.0,inf,46147,80,0.17,Europe
Angola,103131,1917,0,101214,0,0,0,1.86,0.0,inf,103131,0,0.0,Africa
Anguilla (UK),3865,12,0,3853,0,0,0,0.31,0.0,inf,3858,7,0.18,Americas
Antarctica,11,0,0,11,0,0,0,0.0,0.0,0.0,11,0,0.0,
Antigua and Barbuda,9098,146,0,8952,0,0,0,1.6,0.0,inf,9008,90,1.0,Americas
Argentina,9711355,129937,0,9581418,2935,40,0,1.34,0.0,inf,9708420,2935,0.03,Americas
Armenia,442875,8683,0,434192,0,0,0,1.96,0.0,inf,441444,1431,0.32,Europe
Aruba (NL),42970,230,0,42740,0,0,0,0.54,0.0,inf,42970,0,0.0,Americas
Australia,10241739,15221,0,10226518,1108,0,0,0.15,0.0,inf,10204195,37544,0.37,Western Pacific
Austria,5154447,20756,0,5133691,10331,2,0,0.4,0.0,inf,5073706,80741,1.59,Europe
Azerbaijan,821635,9919,0,811716,103,0,0,1.21,0.0,inf,820823,812,0.1,Europe
Bahamas,37309,833,0,36476,19,0,0,2.23,0.0,inf,37267,42,0.11,Americas
Bahrain,681210,1520,0,679690,405,0,0,0.22,0.0,inf,678703,2507,0.37,Eastern Mediterranean
Bangladesh,2026212,29369,0,1996843,535,1,0,1.45,0.0,inf,2021690,4522,0.22,South-East Asia
Barbados,102580,560,0,102020,0,0,0,0.55,0.0,inf,102436,144,0.14,Americas
Belarus,994037,7118,0,986919,0,0,0,0.72,0.0,inf,994037,0,0.0,Europe
Belgium,4544505,32673,0,4511832,0,0,0,0.72,0.0,inf,4525931,18574,0.41,Europe
Belize,68854,686,0,68168,0,0,0,1.0,0.0,inf,68784,70,0.1,Americas
Benin,27638,163,0,27475,0,0,0,0.59,0.0,inf,27638,0,0.0,Africa
Bhutan,61969,21,0,61948,0,0,0,0.03,0.0,inf,61730,239,0.39,South-East Asia
Bolivia,1108347,22237,0,1086110,31,0,0,2.01,0.0,inf,1107908,439,0.04,Americas
Bosnia and Herzegovina,398750,16137,0,382613,0,0,0,4.05,0.0,inf,398221,529,0.13,Europe
Botswana,326308,2789,0,323519,0,0,0,0.85,0.0,inf,326127,181,0.06,Africa
Brazil,34672524,686036,0,33986488,0,0,0,1.98,0.0,inf,34624427,48097,0.14,Americas
British Virgin Islands (UK),7305,64,0,7241,0,0,0,0.88,0.0,inf,7305,0,0.0,Americas
Brunei,227756,225,0,227531,0,0,0,0.1,0.0,inf,226237,1519,0.67,Western Pacific
Bulgaria,1259948,37718,0,1222230,179,0,0,2.99,0.0,inf,1255139,4809,0.38,Europe
Burkina Faso,21631,387,0,21244,0,0,0,1.79,0.0,inf,21128,503,2.38,Africa
Burma,622802,19459,0,603343,0,0,0,3.12,0.0,inf,621402,1400,0.23,South-East Asia
Burundi,50193,38,0,50155,0,0,0,0.08,0.0,inf,50066,127,0.25,Africa
Cabo Verde,62376,410,0,61966,2,0,0,0.66,0.0,inf,62359,17,0.03,Africa
Cambodia,137885,3056,0,134829,4,0,0,2.22,0.0,inf,137833,52,0.04,Western Pacific
Cameroon,121652,1935,0,119717,0,0,0,1.59,0.0,inf,121652,0,0.0,Africa
Canada,4280746,45433,0,4235313,598,4,0,1.06,0.0,inf,4263787,16959,0.4,Americas
Cayman Islands (UK),30661,32,0,30629,0,0,0,0.1,0.0,inf,30545,116,0.38,Americas
Central African Republic,14913,113,0,14800,0,0,0,0.76,0.0,inf,14904,9,0.06,Africa
Chad,7583,193,0,7390,0,0,0,2.55,0.0,inf,7573,10,0.13,Africa
Chile,4630935,61200,0,4569735,3012,22,0,1.32,0.0,inf,4607566,23369,0.51,Americas
China,2766475,15405,0,2751070,4325,6,0,0.56,0.0,inf,2733103,33372,1.22,Western Pacific
Colombia,6307372,141794,0,6165578,0,0,0,2.25,0.0,inf,6306552,820,0.01,Americas
Comoros,8471,161,0,8310,0,0,0,1.9,0.0,inf,8471,0,0.0,Africa
Congo (Brazzaville),24837,386,0,24451,0,0,0,1.55,0.0,inf,24837,0,0.0,Africa
Congo (Kinshasa),92893,1443,0,91450,0,0,0,1.55,0.0,inf,92852,41,0.04,Africa
Costa Rica,1117989,8970,0,1109019,0,0,0,0.8,0.0,inf,1111969,6020,0.54,Americas
Cote d'Ivoire,87282,826,0,86456,24,0,0,0.95,0.0,inf,87135,147,0.17,Africa
Croatia,1233728,16914,0,1216814,468,2,0,1.37,0.0,inf,1229014,4714,0.38,Europe
Cuba,1111200,8530,0,1102670,6,0,0,0.77,0.0,inf,1111146,54,0.0,Americas
Curacao (NL),45368,287,0,45081,0,0,0,0.63,0.0,inf,45357,11,0.02,Americas
Cyprus,587994,1182,0,586812,0,0,0,0.2,0.0,inf,585313,2681,0.46,Europe
Czechia,4109072,41118,0,4067954,357,11,0,1.0,0.0,inf,4090450,18622,0.46,Europe
Denmark,3299534,7074,0,3292460,0,0,0,0.21,0.0,inf,3291284,8250,0.25,Europe
Djibouti,15690,189,0,15501,0,0,0,1.2,0.0,inf,15690,0,0.0,Eastern Mediterranean
Dominica,15747,74,0,15673,0,0,0,0.47,0.0,inf,14852,895,6.03,Americas
Dominican Republic,645952,4384,0,641568,0,0,0,0.68,0.0,inf,644356,1596,0.25,Americas
Ecuador,1005521,35899,0,969622,0,0,0,3.57,0.0,inf,1002057,3464,0.35,Americas
Egypt,515645,24797,0,490848,0,0,0,4.81,0.0,inf,515645,0,0.0,Eastern Mediterranean
El Salvador,201785,4229,0,197556,0,0,0,2.1,0.0,inf,201785,0,0.0,Americas
Equatorial Guinea,17012,183,0,16829,0,0,0,1.08,0.0,inf,17009,3,0.02,Africa
Eritrea,10170,103,0,10067,0,0,0,1.01,0.0,inf,10168,2,0.02,Africa
Estonia,601993,2681,0,599312,0,0,0,0.45,0.0,inf,600796,1197,0.2,Europe
Eswatini,73390,1422,0,71968,0,0,0,1.94,0.0,inf,73379,11,0.01,Africa
Ethiopia,493588,7572,0,486016,1,0,0,1.53,0.0,inf,493510,78,0.02,Africa
Falkland Islands (Malvinas) (UK),1930,0,0,1930,0,0,0,0.0,0.0,0.0,1886,44,2.33,Africa
Faroe Islands (DK),34658,28,0,34630,0,0,0,0.08,0.0,inf,34658,0,0.0,Europe
Fiji,68242,878,0,67364,0,0,0,1.29,0.0,inf,68234,8,0.01,Western Pacific
Finland,1292940,5981,0,1286959,0,0,0,0.46,0.0,inf,1287044,5896,0.46,Europe
France,34504699,151979,0,34352720,0,0,0,0.44,0.0,inf,34203230,301469,0.88,Europe
French Guiana,93974,410,0,93564,0,0,0,0.44,0.0,inf,93925,49,0.05,Americas
French Polynesia,76599,649,0,75950,0,0,0,0.85,0.0,inf,76588,11,0.01,Western Pacific
Gabon,48713,306,0,48407,22,0,0,0.63,0.0,inf,48691,22,0.05,Africa
Gambia,12508,372,0,12136,0,0,0,2.97,0.0,inf,12508,0,0.0,Africa
Georgia,1780691,16900,0,1763791,0,0,0,0.95,0.0,inf,1780691,0,0.0,Europe
Germany,33386229,150064,0,33236165,0,0,0,0.45,0.0,inf,32952050,434179,1.32,Europe
Ghana,169385,1459,0,167926,0,0,0,0.86,0.0,inf,168813,572,0.34,Africa
Gibraltar (UK),20095,108,0,19987,0,0,0,0.54,0.0,inf,20092,3,0.01,Europe
Greece,4920192,33111,0,4887081,0,0,0,0.67,0.0,inf,4875215,44977,0.92,Europe
Greenland (DK),11971,21,0,11950,0,0,0,0.18,0.0,inf,11971,0,0.0,Europe
Grenada,19536,237,0,19299,0,0,0,1.21,0.0,inf,19536,0,0.0,Americas
Guadeloupe (FR),192801,989,0,191812,0,0,0,0.51,0.0,inf,191997,804,0.42,Americas
Guatemala,1125205,19804,0,1105401,41,3,0,1.76,0.0,inf,1120141,5064,0.45,Americas
Guinea,37652,449,0,37203,0,0,0,1.19,0.0,inf,37652,0,0.0,Africa
Guinea-Bissau,8796,175,0,8621,0,0,0,1.99,0.0,inf,8796,0,0.0,Africa
Guyana,71349,1281,0,70068,1,0,0,1.8,0.0,inf,71315,34,0.05,Americas
Haiti,33756,857,0,32899,0,0,0,2.54,0.0,inf,33733,23,0.07,Americas
Holy See,29,0,0,29,0,0,0,0.0,0.0,0.0,29,0,0.0,Europe
Honduras,456391,10993,0,445398,0,0,0,2.41,0.0,inf,456336,55,0.01,Americas
Hungary,2094142,47503,0,2046639,0,0,0,2.27,0.0,inf,2082750,11392,0.55,Europe
Iceland,205637,213,0,205424,0,0,0,0.1,0.0,inf,205454,183,0.09,Europe
India,44597498,528701,0,44068797,3011,28,0,1.19,0.0,inf,44572243,25255,0.06,South-East Asia
Indonesia,6434585,158132,0,6276453,1322,10,0,2.46,0.0,inf,6422529,12056,0.19,South-East Asia
Iran,7549586,144439,0,7405147,400,10,0,1.91,0.0,inf,7547089,2497,0.03,Eastern Mediterranean
Iraq,2459982,25355,0,2434627,0,0,0,1.03,0.0,inf,2459249,733,0.03,Eastern Mediterranean
Ireland,1663653,7942,0,1655711,0,0,0,0.48,0.0,inf,1662008,1645,0.1,Europe
Israel,4663506,11698,0,4651808,936,0,0,0.25,0.0,inf,4657756,5750,0.12,Europe
Italy,22529252,177150,0,22352102,28906,20,0,0.79,0.0,inf,22303606,225646,1.01,Europe
Jamaica,151931,3320,0,148611,0,0,0,2.19,0.0,inf,151650,281,0.19,Americas
Japan,21147468,44580,0,21102888,0,0,0,0.21,0.0,inf,21060267,87201,0.41,Western Pacific
Jordan,1746997,14122,0,1732875,0,0,0,0.81,0.0,inf,1746997,0,0.0,Eastern Mediterranean
Kazakhstan,1483609,19050,0,1464559,0,0,0,1.28,0.0,inf,1483024,585,0.04,Europe
Kenya,338445,5678,0,332767,6,0,0,1.68,0.0,inf,338390,55,0.02,Africa
Kiribati,3430,13,0,3417,0,0,0,0.38,0.0,inf,3430,0,0.0,Western Pacific
"Korea, North",1,6,0,-5,0,0,0,600.0,0.0,inf,1,0,0.0,
Kosovo,272078,3199,0,268879,3,0,0,1.18,0.0,inf,272044,34,0.01,Europe
Kuwait,658520,2563,0,655957,0,0,0,0.39,0.0,inf,658520,0,0.0,Eastern Mediterranean
Kyrgyzstan,206083,2991,0,203092,0,0,0,1.45,0.0,inf,205998,85,0.04,Europe
Laos,215880,758,0,215122,4,0,0,0.35,0.0,inf,215751,129,0.06,Western Pacific
Latvia,930254,5994,0,924260,0,0,0,0.64,0.0,inf,921974,8280,0.9,Europe
Lebanon,1216025,10678,0,1205347,100,1,0,0.88,0.0,inf,1214892,1133,0.09,Eastern Mediterranean
Lesotho,34490,706,0,33784,0,0,0,2.05,0.0,inf,34490,0,0.0,Africa
Liberia,7961,294,0,7667,0,0,0,3.69,0.0,inf,7961,0,0.0,Africa
Libya,507004,6437,0,500567,10,0,0,1.27,0.0,inf,506955,49,0.01,Eastern Mediterranean
Liechtenstein,19713,86,0,19627,0,0,0,0.44,0.0,inf,19490,223,1.14,Europe
Lithuania,1251328,9320,0,1242008,119,0,0,0.74,0.0,inf,1244080,7248,0.58,Europe
Luxembourg,291758,1129,0,290629,0,0,0,0.39,0.0,inf,289831,1927,0.66,Europe
Madagascar,66684,1410,0,65274,8,0,0,2.11,0.0,inf,66676,8,0.01,Africa
Malawi,88029,2682,0,85347,1,0,0,3.05,0.0,inf,88005,24,0.03,Africa
Malaysia,4845649,36375,0,4809274,0,1,0,0.75,0.0,inf,4831822,13827,0.29,Western Pacific
Maldives,185042,308,0,184734,0,0,0,0.17,0.0,inf,185004,38,0.02,South-East Asia
Mali,32683,742,0,31941,42,0,0,2.27,0.0,inf,32604,79,0.24,Africa
Malta,114719,806,0,113913,9,0,0,0.7,0.0,inf,114567,152,0.13,Europe
Marshall Islands,15305,17,0,15288,0,0,0,0.11,0.0,inf,15224,81,0.53,Western Pacific
Martinique (FR),220192,1042,0,219150,0,0,0,0.47,0.0,inf,219529,663,0.3,Americas
Mauritania,62826,995,0,61831,3,0,0,1.58,0.0,inf,62791,35,0.06,Africa
Mauritius,262648,1026,0,261622,0,0,0,0.39,0.0,inf,260947,1701,0.65,Africa
Mayotte (FR),40261,187,0,40074,0,0,0,0.46,0.0,inf,40243,18,0.04,Africa
Mexico,7090330,330131,0,6760199,0,0,0,4.66,0.0,inf,7081747,8583,0.12,Americas
Micronesia,10814,31,0,10783,0,0,0,0.29,0.0,inf,10057,757,7.53,Western Pacific
Moldova,589437,11844,0,577593,0,0,0,2.01,0.0,inf,587023,2414,0.41,Europe
Monaco,14622,63,0,14559,0,0,0,0.43,0.0,inf,14554,68,0.47,Europe
Mongolia,982864,2131,0,980733,0,0,0,0.22,0.0,inf,982551,313,0.03,Western Pacific
Montenegro,280488,2782,0,277706,128,0,0,0.99,0.0,inf,279403,1085,0.39,Europe
Montserrat (UK),1403,8,0,1395,0,0,0,0.57,0.0,inf,1392,11,0.79,Americas
Morocco,1264972,16278,0,1248694,11,0,0,1.29,0.0,inf,1264879,93,0.01,Eastern Mediterranean
Mozambique,230312,2222,0,228090,0,0,0,0.96,0.0,inf,230219,93,0.04,Africa
Namibia,169253,4080,0,165173,0,0,0,2.41,0.0,inf,169253,0,0.0,Africa
Nauru,4611,1,0,4610,0,0,0,0.02,0.0,inf,4611,0,0.0,Western Pacific
Nepal,999759,12018,0,987741,0,0,0,1.2,0.0,inf,999575,184,0.02,South-East Asia
Netherlands,8430739,22650,0,8408089,0,0,0,0.27,0.0,inf,8415337,15402,0.18,Europe
New Zealand,1795894,2039,0,1793855,9949,8,0,0.11,0.0,inf,1776163,19731,1.11,Western Pacific
Nicaragua,15070,245,0,14825,0,0,0,1.63,0.0,inf,15045,25,0.17,Americas
Niger,9405,313,0,9092,0,0,0,3.33,0.0,inf,9395,10,0.11,Africa
Nigeria,265431,3155,0,262276,0,0,0,1.19,0.0,inf,265186,245,0.09,Africa
North Macedonia,342961,9534,0,333427,0,0,0,2.78,0.0,inf,342519,442,0.13,Europe
Norway,1462456,4098,0,1458358,19,0,0,0.28,0.0,inf,1461945,511,0.03,Europe
Oman,398424,4628,0,393796,0,0,0,1.16,0.0,inf,397993,431,0.11,Eastern Mediterranean
Pakistan,1572598,30616,0,1541982,0,0,0,1.95,0.0,inf,1572316,282,0.02,Eastern Mediterranean
Palau,5460,6,0,5454,0,0,0,0.11,0.0,inf,5460,0,0.0,Western Pacific
Panama,986866,8497,0,978369,0,0,0,0.86,0.0,inf,985814,1052,0.11,Americas
Papua New Guinea,44997,668,0,44329,0,0,0,1.48,0.0,inf,44959,38,0.08,Western Pacific
Paraguay,716543,19591,0,696952,0,0,0,2.73,0.0,inf,716059,484,0.07,Americas
Peru,4145048,216578,0,3928470,0,0,0,5.22,0.0,inf,4141241,3807,0.09,Americas
Philippines,3953886,63013,0,3890873,2120,32,0,1.59,0.0,inf,3938203,15683,0.4,Western Pacific
Poland,6297431,117598,0,6179833,308,0,0,1.87,0.0,inf,6273317,24114,0.38,Europe
Portugal,5493540,25031,0,5468509,0,0,0,0.46,0.0,inf,5476059,17481,0.32,Europe
Qatar,452533,682,0,451851,858,0,0,0.15,0.0,inf,446277,6256,1.4,Eastern Mediterranean
Reunion (FR),476571,895,0,475676,0,0,0,0.19,0.0,inf,475948,623,0.13,Africa
Romania,3269941,67031,0,3202910,444,4,0,2.05,0.0,inf,3262053,7888,0.24,Europe
Russia,20747599,379635,0,20367964,29776,96,0,1.83,0.0,inf,20493730,253869,1.24,Europe
Rwanda,132503,1466,0,131037,2,0,0,1.11,0.0,inf,132521,-18,-0.01,Africa
Saint Kitts and Nevis,6544,46,0,6498,0,0,0,0.7,0.0,inf,6543,1,0.02,Americas
Saint Lucia,29408,393,0,29015,0,0,0,1.34,0.0,inf,29408,0,0.0,Americas
Saint Pierre and Miquelon (FR),3188,1,0,3187,0,0,0,0.03,0.0,inf,3188,0,0.0,Americas
Saint Vincent and the Grenadines,9448,116,0,9332,0,0,0,1.23,0.0,inf,9448,0,0.0,Americas
Samoa,15941,29,0,15912,16,0,0,0.18,0.0,inf,15925,16,0.1,Western Pacific
San Marino,20793,118,0,20675,0,0,0,0.57,0.0,inf,20646,147,0.71,Europe
Sao Tome and Principe,6230,77,0,6153,0,0,0,1.24,0.0,inf,6209,21,0.34,Africa
Saudi Arabia,816664,9355,0,807309,89,2,0,1.15,0.0,inf,815839,825,0.1,Eastern Mediterranean
Senegal,88398,1968,0,86430,0,0,0,2.23,0.0,inf,88324,74,0.08,Africa
Serbia,2364814,17018,0,2347796,1426,6,0,0.72,0.0,inf,2349040,15774,0.67,Europe
Seychelles,47141,169,0,46972,0,0,0,0.36,0.0,inf,46358,783,1.69,Africa
Sierra Leone,7751,126,0,7625,0,0,0,1.63,0.0,inf,7751,0,0.0,Africa
Singapore,1914280,1620,0,1912660,2863,1,0,0.08,0.0,inf,1891341,22939,1.21,Western Pacific
Sint Maarten (NL),10863,87,0,10776,0,0,0,0.8,0.0,inf,10859,4,0.04,Americas
Slovakia,2626595,20461,0,2606134,377,2,0,0.78,0.0,inf,2620982,5613,0.21,Europe
Slovenia,1186809,6826,0,1179983,891,1,0,0.58,0.0,inf,1170936,15873,1.36,Europe
Solomon Islands,21544,153,0,21391,0,0,0,0.71,0.0,inf,21544,0,0.0,Western Pacific
Somalia,27214,1361,0,25853,0,0,0,5.0,0.0,inf,27207,7,0.03,Eastern Mediterranean
South Africa,4019077,102185,0,3916892,0,0,0,2.54,0.0,inf,4017552,1525,0.04,Africa
South Korea,24831761,28509,0,24803252,12150,20,0,0.11,0.0,inf,24634296,197465,0.8,Western Pacific
South Sudan,17823,138,0,17685,0,0,0,0.77,0.0,inf,17823,0,0.0,Africa
Spain,13422984,114179,0,13308805,0,0,0,0.85,0.0,inf,13403502,19482,0.15,Europe
Sri Lanka,670790,16762,0,654028,10,0,0,2.5,0.0,inf,670694,96,0.01,South-East Asia
Sudan,63285,4961,0,58324,0,0,0,7.84,0.0,inf,63285,0,0.0,Eastern Mediterranean
Summer Olympics 2020,865,0,0,865,0,0,0,0.0,0.0,0.0,865,0,0.0,
Suriname,81106,1385,0,79721,0,0,0,1.71,0.0,inf,81099,7,0.01,Americas
Sweden,2588441,20225,0,2568216,0,0,0,0.78,0.0,inf,2583370,5071,0.2,Europe
Switzerland,4103959,14009,0,4089950,0,0,0,0.34,0.0,inf,4087087,16872,0.41,Europe
Syria,57309,3163,0,54146,2,0,0,5.52,0.0,inf,57272,37,0.06,Eastern Mediterranean
Taiwan*,6547708,11163,0,6536545,43286,62,0,0.17,0.0,inf,6250051,297657,4.76,Western Pacific
Tajikistan,17786,125,0,17661,0,0,0,0.7,0.0,inf,17786,0,0.0,Europe
Tanzania,39440,845,0,38595,0,0,0,2.14,0.0,inf,39341,99,0.25,Africa
Thailand,4682132,32771,0,4649361,0,0,0,0.7,0.0,inf,4678671,3461,0.07,South-East Asia
Timor-Leste,23257,138,0,23119,0,0,0,0.59,0.0,inf,23248,9,0.04,South-East Asia
Togo,39086,285,0,38801,26,0,0,0.73,0.0,inf,38963,123,0.32,Africa
Tonga,16182,12,0,16170,0,0,0,0.07,0.0,inf,16182,0,0.0,Western Pacific
Trinidad and Tobago,183181,4207,0,178974,0,0,0,2.3,0.0,inf,182597,584,0.32,Americas
Tunisia,1145686,29249,0,1116437,0,0,0,2.55,0.0,inf,1145345,341,0.03,Eastern Mediterranean
Turkey,16873793,101139,0,16772654,0,0,0,0.6,0.0,inf,16873793,0,0.0,Europe
Turks and Caicos Islands (UK),6380,36,0,6344,0,0,0,0.56,0.0,inf,6380,0,0.0,Americas
Tuvalu,20,0,0,20,0,0,0,0.0,0.0,0.0,20,0,0.0,Western Pacific
US,96397885,1059605,0,95338280,5342,0,0,1.1,0.0,inf,96074026,323859,0.34,Americas
Uganda,169396,3630,0,165766,0,0,0,2.14,0.0,inf,169396,0,0.0,Africa
Ukraine,5478645,117039,0,5361606,309,0,0,2.14,0.0,inf,5432271,46374,0.85,Europe
United Arab Emirates,1028333,2345,0,1025988,0,0,0,0.23,0.0,inf,1025568,2765,0.27,Eastern Mediterranean
United Kingdom,23820201,207330,0,23612871,0,0,0,0.87,0.0,inf,23769059,51142,0.22,Europe
Uruguay,985422,7485,0,977937,0,0,0,0.76,0.0,inf,984152,1270,0.13,Americas
Uzbekistan,244218,1637,0,242581,0,0,0,0.67,0.0,inf,244120,98,0.04,Europe
Vanuatu,11950,14,0,11936,0,0,0,0.12,0.0,inf,11950,0,0.0,Western Pacific
Venezuela,544874,5816,0,539058,14,0,0,1.07,0.0,inf,544450,424,0.08,Americas
Vietnam,11480518,43149,0,11437369,490,0,0,0.38,0.0,inf,11472301,8217,0.07,Western Pacific
West Bank and Gaza,702768,5707,0,697061,0,0,0,0.81,0.0,inf,702768,0,0.0,Eastern Mediterranean
Winter Olympics 2022,535,0,0,535,0,0,0,0.0,0.0,0.0,535,0,0.0,
Yemen,11935,2157,0,9778,0,0,0,18.07,0.0,inf,11935,0,0.0,Eastern Mediterranean
Zambia,333549,4017,0,329532,0,0,0,1.2,0.0,inf,333439,110,0.03,Africa
Zimbabwe,257517,5602,0,251915,52,0,0,2.18,0.0,inf,257340,177,0.07,Africa
