Country,Confirmed,Deaths,Recovered,Active,New cases,New deaths,New recovered,Deaths / 100 Cases,Recovered / 100 Cases,Deaths / 100 Recovered,Confirmed last week,1 week change,1 week % increase,WHO Region
Afghanistan,208009,7859,0,200150,16,2,0,3.78,0.0,inf,207866,143,0.07,Eastern Mediterranean
Albania,334064,3596,0,330468,27,0,0,1.08,0.0,inf,333995,69,0.02,Europe
Algeria,271292,6881,0,264411,5,0,0,2.54,0.0,inf,271262,30,0.01,Africa
Andorra,47781,165,0,47616,0,0,0,0.35,0.0,inf,47781,0,0.0,Europe
Angola,105095,1930,0,103165,0,0,0,1.84,0.0,inf,105095,0,0.0,Africa
Anguilla (UK),3904,12,0,3892,0,0,0,0.31,0.0,inf,3904,0,0.0,Americas
Antarctica,11,0,0,11,0,0,0,0.0,0.0,0.0,11,0,0.0,
Antigua and Barbuda,9106,146,0,8960,0,0,0,1.6,0.0,inf,9106,0,0.0,Americas
Argentina,10024095,130338,0,9893757,0,0,0,1.3,0.0,inf,10004679,19416,0.19,Americas
Armenia,446008,8717,0,437291,0,0,0,1.95,0.0,inf,445976,32,0.01,Europe
Aruba (NL),43936,281,0,43655,0,0,0,0.64,0.0,inf,43860,76,0.17,Americas
Australia,11247412,17712,0,11229700,0,0,0,0.16,0.0,inf,11211305,36107,0.32,Western Pacific
Austria,5744897,21576,0,5723321,1827,11,0,0.38,0.0,inf,5731160,13737,0.24,Europe
Azerbaijan,827450,10054,0,817396,71,4,0,1.22,0.0,inf,826993,457,0.06,Europe
Bahamas,37491,833,0,36658,0,0,0,2.22,0.0,inf,37491,0,0.0,Americas
Bahrain,699700,1540,0,698160,75,0,0,0.22,0.0,inf,699313,387,0.06,Eastern Mediterranean
Bangladesh,2037386,29441,0,2007945,9,0,0,1.45,0.0,inf,2037305,81,0.0,South-East Asia
Barbados,105905,569,0,105336,0,0,0,0.54,0.0,inf,105905,0,0.0,Americas
Belarus,994037,7118,0,986919,0,0,0,0.72,0.0,inf,994037,0,0.0,Europe
Belgium,4686147,33478,0,4652669,0,0,0,0.71,0.0,inf,4682234,3913,0.08,Europe
Belize,70555,688,0,69867,158,0,0,0.98,0.0,inf,70397,158,0.22,Americas
Benin,27989,163,0,27826,0,0,0,0.58,0.0,inf,27982,7,0.03,Africa
Bhutan,62577,21,0,62556,0,0,0,0.03,0.0,inf,62551,26,0.04,South-East Asia
Bolivia,1181351,22337,0,1159014,975,0,0,1.89,0.0,inf,1174694,6657,0.57,Americas
Bosnia and Herzegovina,401226,16243,0,384983,10,0,0,4.05,0.0,inf,401125,101,0.03,Europe
Botswana,328581,2795,0,325786,40,0,0,0.85,0.0,inf,328230,351,0.11,Africa
Brazil,36665419,695524,0,35969895,24632,114,0,1.9,0.0,inf,36552432,112987,0.31,Americas
British Virgin Islands (UK),7305,64,0,7241,0,0,0,0.88,0.0,inf,7305,0,0.0,Americas
Brunei,272646,225,0,272421,0,0,0,0.08,0.0,inf,270199,2447,0.91,Western Pacific
Bulgaria,1294475,38150,0,1256325,157,4,0,2.95,0.0,inf,1293684,791,0.06,Europe
Burkina Faso,22025,396,0,21629,0,0,0,1.8,0.0,inf,22023,2,0.01,Africa
Burma,633763,19490,0,614273,10,0,0,3.08,0.0,inf,633726,37,0.01,South-East Asia
Burundi,52380,38,0,52342,0,0,0,0.07,0.0,inf,52162,218,0.42,Africa
Cabo Verde,63222,412,0,62810,1,0,0,0.65,0.0,inf,63214,8,0.01,Africa
Cambodia,138665,3056,0,135609,1,0,0,2.2,0.0,inf,138638,27,0.02,Western Pacific
Cameroon,123993,1965,0,122028,0,0,0,1.58,0.0,inf,123993,0,0.0,Africa
Canada,4541948,50031,0,4491917,1168,18,0,1.1,0.0,inf,4530389,11559,0.26,Americas
Cayman Islands (UK),31472,37,0,31435,0,0,0,0.12,0.0,inf,31472,0,0.0,Americas
Central African Republic,15361,113,0,15248,1,0,0,0.74,0.0,inf,15351,10,0.07,Africa
Chad,7651,194,0,7457,0,0,0,2.54,0.0,inf,7651,0,0.0,Africa
Chile,5090883,63548,0,5027335,1478,7,0,1.25,0.0,inf,5071034,19849,0.39,Americas
China,4867556,18295,0,4849261,3866,53,0,0.38,0.0,inf,4818146,49410,1.03,Western Pacific
Colombia,6343059,141959,0,6201100,0,0,0,2.24,0.0,inf,6343059,0,0.0,Americas
Comoros,8992,161,0,8831,5,0,0,1.79,0.0,inf,8986,6,0.07,Africa
Congo (Brazzaville),25375,386,0,24989,0,0,0,1.52,0.0,inf,25375,0,0.0,Africa
Congo (Kinshasa),95346,1463,0,93883,1,0,0,1.53,0.0,inf,95173,173,0.18,Africa
Costa Rica,1171802,9104,0,1162698,0,0,0,0.78,0.0,inf,1171802,0,0.0,Americas
Cote d'Ivoire,87963,833,0,87130,3,0,0,0.95,0.0,inf,87960,3,0.0,Africa
Croatia,1266619,17782,0,1248837,116,7,0,1.4,0.0,inf,1265719,900,0.07,Europe
Cuba,1112297,8530,0,1103767,6,0,0,0.77,0.0,inf,1112197,100,0.01,Americas
Curacao (NL),45986,299,0,45687,0,0,0,0.65,0.0,inf,45986,0,0.0,Americas
Cyprus,638062,1270,0,636792,0,0,0,0.2,0.0,inf,634709,3353,0.53,Europe
Czechia,4585396,42264,0,4543132,447,6,0,0.92,0.0,inf,4583646,1750,0.04,Europe
Denmark,3397495,8032,0,3389463,837,50,0,0.24,0.0,inf,3395602,1893,0.06,Europe
Djibouti,15690,189,0,15501,0,0,0,1.2,0.0,inf,15690,0,0.0,Eastern Mediterranean
Dominica,15760,74,0,15686,0,0,0,0.47,0.0,inf,15760,0,0.0,Americas
Dominican Republic,659606,4384,0,655222,0,0,0,0.66,0.0,inf,659268,338,0.05,Americas
Ecuador,1047624,35940,0,1011684,0,0,0,3.43,0.0,inf,1040463,7161,0.69,Americas
Egypt,515645,24805,0,490840,0,2,0,4.81,0.0,inf,515645,0,0.0,Eastern Mediterranean
El Salvador,201785,4230,0,197555,0,0,0,2.1,0.0,inf,201785,0,0.0,Americas
Equatorial Guinea,17186,183,0,17003,0,0,0,1.06,0.0,inf,17186,0,0.0,Africa
Eritrea,10189,103,0,10086,0,0,0,1.01,0.0,inf,10189,0,0.0,Africa
Estonia,612843,2885,0,609958,0,0,0,0.47,0.0,inf,612843,0,0.0,Europe
Eswatini,74086,1422,0,72664,0,0,0,1.92,0.0,inf,74053,33,0.04,Africa
Ethiopia,499200,7572,0,491628,55,0,0,1.52,0.0,inf,498832,368,0.07,Africa
Falkland Islands (Malvinas) (UK),1930,0,0,1930,0,0,0,0.0,0.0,0.0,1930,0,0.0,Africa
Faroe Islands (DK),34658,28,0,34630,0,0,0,0.08,0.0,inf,34658,0,0.0,Europe
Fiji,68793,883,0,67910,0,0,0,1.28,0.0,inf,68771,22,0.03,Western Pacific
Finland,1448656,8431,0,1440225,0,0,0,0.58,0.0,inf,1446397,2259,0.16,Europe
France,38523774,160349,0,38363425,8345,99,0,0.42,0.0,inf,38484662,39112,0.1,Europe
French Guiana,97982,413,0,97569,36,0,0,0.42,0.0,inf,97946,36,0.04,Americas
French Polynesia,77957,649,0,77308,0,0,0,0.83,0.0,inf,77957,0,0.0,Western Pacific
Gabon,48980,306,0,48674,0,0,0,0.62,0.0,inf,48980,0,0.0,Africa
Gambia,12586,372,0,12214,0,0,0,2.96,0.0,inf,12586,0,0.0,Africa
Georgia,1811015,16909,0,1794106,0,0,0,0.93,0.0,inf,1809359,1656,0.09,Europe
Germany,37637807,164153,0,37473654,15450,188,0,0.44,0.0,inf,37562191,75616,0.2,Europe
Ghana,171099,1462,0,169637,10,0,0,0.85,0.0,inf,171065,34,0.02,Africa
Gibraltar (UK),20379,111,0,20268,0,0,0,0.54,0.0,inf,20342,37,0.18,Europe
Greece,5548487,34779,0,5513708,0,0,0,0.63,0.0,inf,5548487,0,0.0,Europe
Greenland (DK),11971,21,0,11950,0,0,0,0.18,0.0,inf,11971,0,0.0,Europe
Grenada,19680,238,0,19442,0,0,0,1.21,0.0,inf,19680,0,0.0,Americas
Guadeloupe (FR),200965,1003,0,199962,0,0,0,0.5,0.0,inf,200965,0,0.0,Americas
Guatemala,1219421,20059,0,1199362,729,3,0,1.64,0.0,inf,1213139,6282,0.52,Americas
Guinea,38224,467,0,37757,0,0,0,1.22,0.0,inf,38210,14,0.04,Africa
Guinea-Bissau,8947,176,0,8771,0,0,0,1.97,0.0,inf,8947,0,0.0,Africa
Guyana,72720,1293,0,71427,82,0,0,1.78,0.0,inf,72538,182,0.25,Americas
Haiti,33969,860,0,33109,0,0,0,2.53,0.0,inf,33969,0,0.0,Americas
Holy See,29,0,0,29,0,0,0,0.0,0.0,0.0,29,0,0.0,Europe
Honduras,469724,11098,0,458626,494,3,0,2.36,0.0,inf,468048,1676,0.36,Americas
Hungary,2190334,48578,0,2141756,0,0,0,2.22,0.0,inf,2188737,1597,0.07,Europe
Iceland,208539,238,0,208301,80,9,0,0.11,0.0,inf,208459,80,0.04,Europe
India,44682595,530728,0,44151867,128,2,0,1.19,0.0,inf,44681610,985,0.0,South-East Asia
Indonesia,6726668,160746,0,6565922,357,7,0,2.39,0.0,inf,6724281,2387,0.04,South-East Asia
Iran,7562868,144728,0,7418140,113,1,0,1.91,0.0,inf,7562169,699,0.01,Eastern Mediterranean
Iraq,2465545,25375,0,2440170,0,0,0,1.03,0.0,inf,2465545,0,0.0,Eastern Mediterranean
Ireland,1697775,8388,0,1689387,0,0,0,0.49,0.0,inf,1693847,3928,0.23,Europe
Israel,4777213,12126,0,4765087,0,0,0,0.25,0.0,inf,4772746,4467,0.09,Europe
Italy,25363742,185993,0,25177749,0,0,0,0.73,0.0,inf,25279682,84060,0.33,Europe
Jamaica,153143,3476,0,149667,175,11,0,2.27,0.0,inf,152827,316,0.21,Americas
Japan,31619952,63328,0,31556624,126799,357,0,0.2,0.0,inf,30670001,949951,3.1,Western Pacific
Jordan,1746997,14122,0,1732875,0,0,0,0.81,0.0,inf,1746997,0,0.0,Eastern Mediterranean
Kazakhstan,1495696,19064,0,1476632,7390,1,0,1.27,0.0,inf,1488306,7390,0.5,Europe
Kenya,342727,5688,0,337039,22,0,0,1.66,0.0,inf,342617,110,0.03,Africa
Kiribati,4921,17,0,4904,0,0,0,0.35,0.0,inf,4921,0,0.0,Western Pacific
"Korea, North",1,6,0,-5,0,0,0,600.0,0.0,inf,1,0,0.0,
Kosovo,272412,3202,0,269210,6,0,0,1.18,0.0,inf,272349,63,0.02,Europe
Kuwait,662858,2570,0,660288,0,0,0,0.39,0.0,inf,662747,111,0.02,Eastern Mediterranean
Kyrgyzstan,206588,2991,0,203597,0,0,0,1.45,0.0,inf,206586,2,0.0,Europe
Laos,217934,758,0,217176,0,0,0,0.35,0.0,inf,217901,33,0.02,Western Pacific
Latvia,975007,6200,0,968807,55,3,0,0.64,0.0,inf,974744,263,0.03,Europe
Lebanon,1225635,10764,0,1214871,145,2,0,0.88,0.0,inf,1224238,1397,0.11,Eastern Mediterranean
Lesotho,34790,723,0,34067,0,0,0,2.08,0.0,inf,34790,0,0.0,Africa
Liberia,8043,294,0,7749,0,0,0,3.66,0.0,inf,8043,0,0.0,Africa
Libya,507158,6437,0,500721,0,0,0,1.27,0.0,inf,507153,5,0.0,Eastern Mediterranean
Liechtenstein,21329,88,0,21241,0,0,0,0.41,0.0,inf,21318,11,0.05,Europe
Lithuania,1293100,9524,0,1283576,514,3,0,0.74,0.0,inf,1291464,1636,0.13,Europe
Luxembourg,314076,1201,0,312875,73,1,0,0.38,0.0,inf,313718,358,0.11,Europe
Madagascar,67788,1418,0,66370,0,0,0,2.09,0.0,inf,67760,28,0.04,Africa
Malawi,88446,2686,0,85760,164,1,0,3.04,0.0,inf,88220,226,0.26,Africa
Malaysia,5033254,36919,0,4996335,350,5,0,0.73,0.0,inf,5031076,2178,0.04,Western Pacific
Maldives,185708,311,0,185397,6,0,0,0.17,0.0,inf,185702,6,0.0,South-East Asia
Mali,32772,743,0,32029,0,0,0,2.27,0.0,inf,32771,1,0.0,Africa
Malta,116864,822,0,116042,26,0,0,0.7,0.0,inf,116704,160,0.14,Europe
Marshall Islands,15554,17,0,15537,0,0,0,0.11,0.0,inf,15554,0,0.0,Western Pacific
Martinique (FR),228171,1085,0,227086,0,0,0,0.48,0.0,inf,228171,0,0.0,Americas
Mauritania,63664,997,0,62667,229,0,0,1.57,0.0,inf,63429,235,0.37,Africa
Mauritius,293386,1042,0,292344,0,0,0,0.36,0.0,inf,292368,1018,0.35,Africa
Mayotte (FR),42002,187,0,41815,0,0,0,0.45,0.0,inf,42002,0,0.0,Africa
Mexico,7315454,331605,0,6983849,563,10,0,4.53,0.0,inf,7284502,30952,0.42,Americas
Micronesia,22247,58,0,22189,0,0,0,0.26,0.0,inf,22247,0,0.0,Western Pacific
Moldova,597598,11947,0,585651,382,7,0,2.0,0.0,inf,597216,382,0.06,Europe
Monaco,16035,65,0,15970,14,0,0,0.41,0.0,inf,16004,31,0.19,Europe
Mongolia,1007837,2136,0,1005701,16,0,0,0.21,0.0,inf,1007787,50,0.0,Western Pacific
Montenegro,285710,2794,0,282916,76,0,0,0.98,0.0,inf,285247,463,0.16,Europe
Montserrat (UK),1403,8,0,1395,0,0,0,0.57,0.0,inf,1403,0,0.0,Americas
Morocco,1272090,16296,0,1255794,37,1,0,1.28,0.0,inf,1271942,148,0.01,Eastern Mediterranean
Mozambique,231404,2232,0,229172,0,0,0,0.96,0.0,inf,231219,185,0.08,Africa
Namibia,170496,4083,0,166413,83,1,0,2.39,0.0,inf,170295,201,0.12,Africa
Nauru,4621,1,0,4620,0,0,0,0.02,0.0,inf,4621,0,0.0,Western Pacific
Nepal,1001059,12020,0,989039,3,0,0,1.2,0.0,inf,1001031,28,0.0,South-East Asia
Netherlands,8578679,22990,0,8555689,962,0,0,0.27,0.0,inf,8576389,2290,0.03,Europe
New Zealand,2165613,2439,0,2163174,3,0,0,0.11,0.0,inf,2146258,19355,0.9,Western Pacific
Nicaragua,15507,245,0,15262,0,0,0,1.58,0.0,inf,15466,41,0.27,Americas
Niger,9506,315,0,9191,0,0,0,3.31,0.0,inf,9473,33,0.35,Africa
Nigeria,266463,3155,0,263308,0,0,0,1.18,0.0,inf,266463,0,0.0,Africa
North Macedonia,346297,9633,0,336664,202,10,0,2.78,0.0,inf,346095,202,0.06,Europe
Norway,1477128,4963,0,1472165,84,0,0,0.34,0.0,inf,1476541,587,0.04,Europe
Oman,399154,4628,0,394526,0,0,0,1.16,0.0,inf,399154,0,0.0,Eastern Mediterranean
Pakistan,1576109,30640,0,1545469,29,0,0,1.94,0.0,inf,1575991,118,0.01,Eastern Mediterranean
Palau,5980,9,0,5971,0,0,0,0.15,0.0,inf,5976,4,0.07,Western Pacific
Panama,1028272,8589,0,1019683,0,0,0,0.84,0.0,inf,1027247,1025,0.1,Americas
Papua New Guinea,46663,669,0,45994,0,0,0,1.43,0.0,inf,46663,0,0.0,Western Pacific
Paraguay,800163,19746,0,780417,0,0,0,2.47,0.0,inf,798231,1932,0.24,Americas
Peru,4476123,218554,0,4257569,513,7,0,4.88,0.0,inf,4470919,5204,0.12,Americas
Philippines,4070675,65618,0,4005057,84,4,0,1.61,0.0,inf,4068425,2250,0.06,Western Pacific
Poland,6373880,118660,0,6255220,510,9,0,1.86,0.0,inf,6371866,2014,0.03,Europe
Portugal,5557941,25805,0,5532136,0,0,0,0.46,0.0,inf,5557941,0,0.0,Europe
Qatar,491644,685,0,490959,114,0,0,0.14,0.0,inf,490946,698,0.14,Eastern Mediterranean
Reunion (FR),491825,915,0,490910,0,0,0,0.19,0.0,inf,490612,1213,0.25,Africa
Romania,3319680,67504,0,3252176,0,0,0,2.03,0.0,inf,3316192,3488,0.11,Europe
Russia,21556354,386542,0,21169812,3990,44,0,1.79,0.0,inf,21524480,31874,0.15,Europe
Rwanda,133078,1468,0,131610,15,0,0,1.1,0.0,inf,133063,15,0.01,Africa
Saint Kitts and Nevis,6581,46,0,6535,0,0,0,0.7,0.0,inf,6573,8,0.12,Americas
Saint Lucia,29759,409,0,29350,0,0,0,1.37,0.0,inf,29759,0,0.0,Americas
Saint Pierre and Miquelon (FR),3368,2,0,3366,0,0,0,0.06,0.0,inf,3349,19,0.57,Americas
Saint Vincent and the Grenadines,9563,121,0,9442,0,0,0,1.27,0.0,inf,9552,11,0.12,Americas
Samoa,16008,29,0,15979,0,0,0,0.18,0.0,inf,15991,17,0.11,Western Pacific
San Marino,23370,122,0,23248,80,1,0,0.52,0.0,inf,23290,80,0.34,Europe
Sao Tome and Principe,6279,77,0,6202,0,0,0,1.23,0.0,inf,6279,0,0.0,Africa
Saudi Arabia,827453,9546,0,817907,31,1,0,1.15,0.0,inf,827275,178,0.02,Eastern Mediterranean
Senegal,88900,1968,0,86932,0,0,0,2.21,0.0,inf,88900,0,0.0,Africa
Serbia,2461390,17622,0,2443768,1958,16,0,0.72,0.0,inf,2455236,6154,0.25,Europe
Seychelles,50355,172,0,50183,0,0,0,0.34,0.0,inf,50355,0,0.0,Africa
Sierra Leone,7760,126,0,7634,0,0,0,1.62,0.0,inf,7760,0,0.0,Africa
Singapore,2212684,1717,0,2210967,553,0,0,0.08,0.0,inf,2209511,3173,0.14,Western Pacific
Sint Maarten (NL),11005,89,0,10916,0,0,0,0.81,0.0,inf,10998,7,0.06,Americas
Slovakia,2659408,20882,0,2638526,157,4,0,0.79,0.0,inf,2658560,848,0.03,Europe
Slovenia,1318134,7038,0,1311096,531,1,0,0.53,0.0,inf,1315101,3033,0.23,Europe
Solomon Islands,24575,153,0,24422,0,0,0,0.62,0.0,inf,24575,0,0.0,Western Pacific
Somalia,27310,1361,0,25949,0,0,0,4.98,0.0,inf,27310,0,0.0,Eastern Mediterranean
South Africa,4052114,102568,0,3949546,223,0,0,2.53,0.0,inf,4050288,1826,0.05,Africa
South Korea,29898142,33057,0,29865085,36908,43,0,0.11,0.0,inf,29654090,244052,0.82,Western Pacific
South Sudan,18368,138,0,18230,0,0,0,0.75,0.0,inf,18368,0,0.0,Africa
Spain,13711251,117759,0,13593492,0,0,0,0.86,0.0,inf,13693478,17773,0.13,Europe
Sri Lanka,671968,16824,0,655144,2,1,0,2.5,0.0,inf,671942,26,0.0,South-East Asia
Sudan,63717,4998,0,58719,0,0,0,7.84,0.0,inf,63702,15,0.02,Eastern Mediterranean
Summer Olympics 2020,865,0,0,865,0,0,0,0.0,0.0,0.0,865,0,0.0,
Suriname,82020,1398,0,80622,0,0,0,1.7,0.0,inf,82020,0,0.0,Americas
Sweden,2687840,22645,0,2665195,0,0,0,0.84,0.0,inf,2683356,4484,0.17,Europe
Switzerland,4406243,14237,0,4392006,1263,3,0,0.32,0.0,inf,4404980,1263,0.03,Europe
Syria,57441,3164,0,54277,0,0,0,5.51,0.0,inf,57423,18,0.03,Eastern Mediterranean
Taiwan*,9245066,15903,0,9229163,19960,30,0,0.17,0.0,inf,9097554,147512,1.62,Western Pacific
Tajikistan,17786,125,0,17661,0,0,0,0.7,0.0,inf,17786,0,0.0,Europe
Tanzania,42530,846,0,41684,63,0,0,1.99,0.0,inf,42396,134,0.32,Africa
Thailand,4752782,34668,0,4718114,0,0,0,0.73,0.0,inf,4752782,0,0.0,South-East Asia
Timor-Leste,23407,138,0,23269,1,0,0,0.59,0.0,inf,23403,4,0.02,South-East Asia
Togo,39352,290,0,39062,0,0,0,0.74,0.0,inf,39349,3,0.01,Africa
Tonga,16590,13,0,16577,0,0,0,0.08,0.0,inf,16487,103,0.62,Western Pacific
Trinidad and Tobago,187204,4309,0,182895,519,12,0,2.3,0.0,inf,186685,519,0.28,Americas
Tunisia,1150217,29291,0,1120926,2488,3,0,2.55,0.0,inf,1147729,2488,0.22,Eastern Mediterranean
Turkey,17042722,101492,0,16941230,0,0,0,0.6,0.0,inf,17042722,0,0.0,Europe
Turks and Caicos Islands (UK),6479,36,0,6443,0,0,0,0.56,0.0,inf,6479,0,0.0,Americas
Tuvalu,2805,0,0,2805,0,0,0,0.0,0.0,0.0,2805,0,0.0,Western Pacific
US,101722206,1100580,0,100621626,67635,695,0,1.08,0.0,inf,101402604,319602,0.32,Americas
Uganda,170279,3630,0,166649,0,0,0,2.13,0.0,inf,170209,70,0.04,Africa
Ukraine,5672912,118861,0,5554051,52,1,0,2.1,0.0,inf,5669640,3272,0.06,Europe
United Arab Emirates,1048218,2348,0,1045870,59,0,0,0.22,0.0,inf,1047694,524,0.05,Eastern Mediterranean
United Kingdom,24400857,215365,0,24185492,0,0,0,0.88,0.0,inf,24367196,33661,0.14,Europe
Uruguay,1029564,7597,0,1021967,0,0,0,0.74,0.0,inf,1025810,3754,0.37,Americas
Uzbekistan,250273,1637,0,248636,12,0,0,0.65,0.0,inf,250066,207,0.08,Europe
Vanuatu,12014,14,0,12000,0,0,0,0.12,0.0,inf,12014,0,0.0,Western Pacific
Venezuela,551024,5837,0,545187,0,0,0,1.06,0.0,inf,550779,245,0.04,Americas
Vietnam,11526213,43186,0,11483027,46,0,0,0.37,0.0,inf,11525911,302,0.0,Western Pacific
West Bank and Gaza,703228,5708,0,697520,0,0,0,0.81,0.0,inf,703228,0,0.0,Eastern Mediterranean
Winter Olympics 2022,535,0,0,535,0,0,0,0.0,0.0,0.0,535,0,0.0,
Yemen,11945,2159,0,9786,0,0,0,18.07,0.0,inf,11945,0,0.0,Eastern Mediterranean
Zambia,337780,4037,0,333743,477,1,0,1.2,0.0,inf,335980,1800,0.54,Africa
Zimbabwe,259981,5637,0,254344,0,0,0,2.17,0.0,inf,259981,0,0.0,Africa
