Country,Confirmed,Deaths,Recovered,Active,New cases,New deaths,New recovered,Deaths / 100 Cases,Recovered / 100 Cases,Deaths / 100 Recovered,Confirmed last week,1 week change,1 week % increase,WHO Region
Afghanistan,208084,7864,0,200220,22,0,0,3.78,0.0,inf,207900,184,0.09,Eastern Mediterranean
Albania,334084,3596,0,330488,0,0,0,1.08,0.0,inf,334018,66,0.02,Europe
Algeria,271316,6881,0,264435,9,0,0,2.54,0.0,inf,271286,30,0.01,Africa
Andorra,47820,165,0,47655,0,0,0,0.35,0.0,inf,47781,39,0.08,Europe
Angola,105095,1930,0,103165,0,0,0,1.84,0.0,inf,105095,0,0.0,Africa
Anguilla (UK),3904,12,0,3892,0,0,0,0.31,0.0,inf,3904,0,0.0,Americas
Antarctica,11,0,0,11,0,0,0,0.0,0.0,0.0,11,0,0.0,
Antigua and Barbuda,9106,146,0,8960,0,0,0,1.6,0.0,inf,9106,0,0.0,Americas
Argentina,10024095,130338,0,9893757,0,0,0,1.3,0.0,inf,10004679,19416,0.19,Americas
Armenia,446008,8717,0,437291,0,0,0,1.95,0.0,inf,445976,32,0.01,Europe
Aruba (NL),43965,281,0,43684,0,0,0,0.64,0.0,inf,43936,29,0.07,Americas
Australia,11274262,18092,0,11256170,8805,69,0,0.16,0.0,inf,11247412,26850,0.24,Western Pacific
Austria,5751836,21609,0,5730227,2101,14,0,0.38,0.0,inf,5738797,13039,0.23,Europe
Azerbaijan,827614,10067,0,817547,43,3,0,1.22,0.0,inf,827228,386,0.05,Europe
Bahamas,37491,833,0,36658,0,0,0,2.22,0.0,inf,37491,0,0.0,Americas
Bahrain,699794,1541,0,698253,33,1,0,0.22,0.0,inf,699473,321,0.05,Eastern Mediterranean
Bangladesh,2037408,29441,0,2007967,0,0,0,1.45,0.0,inf,2037331,77,0.0,South-East Asia
Barbados,105905,569,0,105336,0,0,0,0.54,0.0,inf,105905,0,0.0,Americas
Belarus,994037,7118,0,986919,0,0,0,0.72,0.0,inf,994037,0,0.0,Europe
Belgium,4688927,33525,0,4655402,0,0,0,0.71,0.0,inf,4686147,2780,0.06,Europe
Belize,70555,688,0,69867,0,0,0,0.98,0.0,inf,70397,158,0.22,Americas
Benin,27989,163,0,27826,0,0,0,0.58,0.0,inf,27982,7,0.03,Africa
Bhutan,62577,21,0,62556,0,0,0,0.03,0.0,inf,62551,26,0.04,South-East Asia
Bolivia,1182974,22340,0,1160634,0,0,0,1.89,0.0,inf,1177361,5613,0.48,Americas
Bosnia and Herzegovina,401278,16248,0,385030,20,1,0,4.05,0.0,inf,401187,91,0.02,Europe
Botswana,328581,2795,0,325786,0,0,0,0.85,0.0,inf,328230,351,0.11,Africa
Brazil,36712851,696188,0,36016663,35007,573,0,1.9,0.0,inf,36620371,92480,0.25,Americas
British Virgin Islands (UK),7305,64,0,7241,0,0,0,0.88,0.0,inf,7305,0,0.0,Americas
Brunei,274217,225,0,273992,0,0,0,0.08,0.0,inf,272646,1571,0.58,Western Pacific
Bulgaria,1294818,38160,0,1256658,121,3,0,2.95,0.0,inf,1294070,748,0.06,Europe
Burkina Faso,22025,396,0,21629,0,0,0,1.8,0.0,inf,22025,0,0.0,Africa
Burma,633791,19490,0,614301,6,0,0,3.08,0.0,inf,633741,50,0.01,South-East Asia
Burundi,52429,38,0,52391,0,0,0,0.07,0.0,inf,52380,49,0.09,Africa
Cabo Verde,63224,412,0,62812,0,0,0,0.65,0.0,inf,63220,4,0.01,Africa
Cambodia,138673,3056,0,135617,1,0,0,2.2,0.0,inf,138659,14,0.01,Western Pacific
Cameroon,123993,1965,0,122028,0,0,0,1.58,0.0,inf,123993,0,0.0,Africa
Canada,4549955,50236,0,4499719,321,13,0,1.1,0.0,inf,4537522,12433,0.27,Americas
Cayman Islands (UK),31472,37,0,31435,0,0,0,0.12,0.0,inf,31472,0,0.0,Americas
Central African Republic,15361,113,0,15248,0,0,0,0.74,0.0,inf,15351,10,0.07,Africa
Chad,7651,194,0,7457,0,0,0,2.54,0.0,inf,7651,0,0.0,Africa
Chile,5099468,63616,0,5035852,2582,17,0,1.25,0.0,inf,5081862,17606,0.35,Americas
China,4879169,18441,0,4860728,3795,42,0,0.38,0.0,inf,4845027,34142,0.7,Western Pacific
Colombia,6348356,142085,0,6206271,0,0,0,2.24,0.0,inf,6343059,5297,0.08,Americas
Comoros,8992,161,0,8831,0,0,0,1.79,0.0,inf,8986,6,0.07,Africa
Congo (Brazzaville),25375,386,0,24989,0,0,0,1.52,0.0,inf,25375,0,0.0,Africa
Congo (Kinshasa),95346,1463,0,93883,0,0,0,1.53,0.0,inf,95173,173,0.18,Africa
Costa Rica,1177514,9123,0,1168391,0,0,0,0.77,0.0,inf,1171802,5712,0.49,Americas
Cote d'Ivoire,87966,833,0,87133,1,0,0,0.95,0.0,inf,87960,6,0.01,Africa
Croatia,1266949,17807,0,1249142,102,6,0,1.41,0.0,inf,1266259,690,0.05,Europe
Cuba,1112329,8530,0,1103799,18,0,0,0.77,0.0,inf,1112252,77,0.01,Americas
Curacao (NL),45986,301,0,45685,0,0,0,0.65,0.0,inf,45986,0,0.0,Americas
Cyprus,640729,1280,0,639449,2667,10,0,0.2,0.0,inf,638062,2667,0.42,Europe
Czechia,4586356,42275,0,4544081,270,6,0,0.92,0.0,inf,4584611,1745,0.04,Europe
Denmark,3398106,8072,0,3390034,179,19,0,0.24,0.0,inf,3396658,1448,0.04,Europe
Djibouti,15690,189,0,15501,0,0,0,1.2,0.0,inf,15690,0,0.0,Eastern Mediterranean
Dominica,15760,74,0,15686,0,0,0,0.47,0.0,inf,15760,0,0.0,Americas
Dominican Republic,659761,4384,0,655377,0,0,0,0.66,0.0,inf,659606,155,0.02,Americas
Ecuador,1047624,35940,0,1011684,0,0,0,3.43,0.0,inf,1040463,7161,0.69,Americas
Egypt,515645,24805,0,490840,0,0,0,4.81,0.0,inf,515645,0,0.0,Eastern Mediterranean
El Salvador,201785,4230,0,197555,0,0,0,2.1,0.0,inf,201785,0,0.0,Americas
Equatorial Guinea,17186,183,0,17003,0,0,0,1.06,0.0,inf,17186,0,0.0,Africa
Eritrea,10189,103,0,10086,0,0,0,1.01,0.0,inf,10189,0,0.0,Africa
Estonia,613218,2896,0,610322,0,0,0,0.47,0.0,inf,612843,375,0.06,Europe
Eswatini,74086,1422,0,72664,0,0,0,1.92,0.0,inf,74053,33,0.04,Africa
Ethiopia,499281,7572,0,491709,26,0,0,1.52,0.0,inf,499041,240,0.05,Africa
Falkland Islands (Malvinas) (UK),1930,0,0,1930,0,0,0,0.0,0.0,0.0,1930,0,0.0,Africa
Faroe Islands (DK),34658,28,0,34630,0,0,0,0.08,0.0,inf,34658,0,0.0,Europe
Fiji,68808,883,0,67925,0,0,0,1.28,0.0,inf,68793,15,0.02,Western Pacific
Finland,1449829,8557,0,1441272,0,0,0,0.59,0.0,inf,1448656,1173,0.08,Europe
France,38538201,160538,0,38377663,3480,43,0,0.42,0.0,inf,38504599,33602,0.09,Europe
French Guiana,97982,413,0,97569,0,0,0,0.42,0.0,inf,97946,36,0.04,Americas
French Polynesia,77957,649,0,77308,0,0,0,0.83,0.0,inf,77957,0,0.0,Western Pacific
Gabon,48980,306,0,48674,0,0,0,0.62,0.0,inf,48980,0,0.0,Africa
Gambia,12586,372,0,12214,0,0,0,2.96,0.0,inf,12586,0,0.0,Africa
Georgia,1811015,16909,0,1794106,0,0,0,0.93,0.0,inf,1811015,0,0.0,Europe
Germany,37668384,164703,0,37503681,8866,118,0,0.44,0.0,inf,37605135,63249,0.17,Europe
Ghana,171102,1462,0,169640,3,0,0,0.85,0.0,inf,171088,14,0.01,Africa
Gibraltar (UK),20392,111,0,20281,13,0,0,0.54,0.0,inf,20379,13,0.06,Europe
Greece,5548487,34779,0,5513708,0,0,0,0.63,0.0,inf,5548487,0,0.0,Europe
Greenland (DK),11971,21,0,11950,0,0,0,0.18,0.0,inf,11971,0,0.0,Europe
Grenada,19680,238,0,19442,0,0,0,1.21,0.0,inf,19680,0,0.0,Americas
Guadeloupe (FR),200965,1003,0,199962,0,0,0,0.5,0.0,inf,200965,0,0.0,Americas
Guatemala,1222009,20069,0,1201940,756,5,0,1.64,0.0,inf,1217439,4570,0.38,Americas
Guinea,38224,467,0,37757,0,0,0,1.22,0.0,inf,38210,14,0.04,Africa
Guinea-Bissau,8947,176,0,8771,0,0,0,1.97,0.0,inf,8947,0,0.0,Africa
Guyana,72815,1293,0,71522,95,0,0,1.78,0.0,inf,72638,177,0.24,Americas
Haiti,33969,860,0,33109,0,0,0,2.53,0.0,inf,33969,0,0.0,Americas
Holy See,29,0,0,29,0,0,0,0.0,0.0,0.0,29,0,0.0,Europe
Honduras,470144,11099,0,459045,420,1,0,2.36,0.0,inf,469230,914,0.19,Americas
Hungary,2191200,48629,0,2142571,0,0,0,2.22,0.0,inf,2190334,866,0.04,Europe
Iceland,208539,238,0,208301,0,0,0,0.11,0.0,inf,208459,80,0.04,Europe
India,44681650,530728,0,44150922,0,0,0,1.19,0.0,inf,44682160,-510,-0.0,South-East Asia
Indonesia,6727609,160772,0,6566837,292,8,0,2.39,0.0,inf,6725458,2151,0.03,South-East Asia
Iran,7563167,144732,0,7418435,71,2,0,1.91,0.0,inf,7562446,721,0.01,Eastern Mediterranean
Iraq,2465545,25375,0,2440170,0,0,0,1.03,0.0,inf,2465545,0,0.0,Eastern Mediterranean
Ireland,1699347,8431,0,1690916,0,0,0,0.5,0.0,inf,1697775,1572,0.09,Europe
Israel,4779973,12141,0,4767832,327,0,0,0.25,0.0,inf,4775255,4718,0.1,Europe
Italy,25415630,186488,0,25229142,51888,495,0,0.73,0.0,inf,25363742,51888,0.2,Europe
Jamaica,153143,3476,0,149667,0,0,0,2.27,0.0,inf,152968,175,0.11,Americas
Japan,31924066,64653,0,31859413,82614,425,0,0.2,0.0,inf,31198423,725643,2.33,Western Pacific
Jordan,1746997,14122,0,1732875,0,0,0,0.81,0.0,inf,1746997,0,0.0,Eastern Mediterranean
Kazakhstan,1495880,19065,0,1476815,0,1,0,1.27,0.0,inf,1488306,7574,0.51,Europe
Kenya,342771,5688,0,337083,11,0,0,1.66,0.0,inf,342672,99,0.03,Africa
Kiribati,4991,18,0,4973,70,1,0,0.36,0.0,inf,4921,70,1.42,Western Pacific
"Korea, North",1,6,0,-5,0,0,0,600.0,0.0,inf,1,0,0.0,
Kosovo,272460,3202,0,269258,12,0,0,1.18,0.0,inf,272377,83,0.03,Europe
Kuwait,662858,2570,0,660288,0,0,0,0.39,0.0,inf,662747,111,0.02,Eastern Mediterranean
Kyrgyzstan,206588,2991,0,203597,0,0,0,1.45,0.0,inf,206586,2,0.0,Europe
Laos,217941,758,0,217183,0,0,0,0.35,0.0,inf,217927,14,0.01,Western Pacific
Latvia,975080,6206,0,968874,20,1,0,0.64,0.0,inf,974872,208,0.02,Europe
Lebanon,1226155,10769,0,1215386,0,0,0,0.88,0.0,inf,1225047,1108,0.09,Eastern Mediterranean
Lesotho,34790,723,0,34067,0,0,0,2.08,0.0,inf,34790,0,0.0,Africa
Liberia,8043,294,0,7749,0,0,0,3.66,0.0,inf,8043,0,0.0,Africa
Libya,507158,6437,0,500721,0,0,0,1.27,0.0,inf,507154,4,0.0,Eastern Mediterranean
Liechtenstein,21343,89,0,21254,0,1,0,0.42,0.0,inf,21329,14,0.07,Europe
Lithuania,1293928,9526,0,1284402,225,1,0,0.74,0.0,inf,1292278,1650,0.13,Europe
Luxembourg,314223,1204,0,313019,37,0,0,0.38,0.0,inf,313952,271,0.09,Europe
Madagascar,67788,1418,0,66370,0,0,0,2.09,0.0,inf,67760,28,0.04,Africa
Malawi,88446,2686,0,85760,0,0,0,3.04,0.0,inf,88220,226,0.26,Africa
Malaysia,5034228,36930,0,4997298,285,7,0,0.73,0.0,inf,5032146,2082,0.04,Western Pacific
Maldives,185708,311,0,185397,0,0,0,0.17,0.0,inf,185702,6,0.0,South-East Asia
Mali,32774,743,0,32031,2,0,0,2.27,0.0,inf,32772,2,0.01,Africa
Malta,116894,823,0,116071,0,0,0,0.7,0.0,inf,116781,113,0.1,Europe
Marshall Islands,15554,17,0,15537,0,0,0,0.11,0.0,inf,15554,0,0.0,Western Pacific
Martinique (FR),228171,1085,0,227086,0,0,0,0.48,0.0,inf,228171,0,0.0,Americas
Mauritania,63664,997,0,62667,0,0,0,1.57,0.0,inf,63435,229,0.36,Africa
Mauritius,293386,1042,0,292344,0,0,0,0.36,0.0,inf,293386,0,0.0,Africa
Mayotte (FR),42002,187,0,41815,0,0,0,0.45,0.0,inf,42002,0,0.0,Africa
Mexico,7332220,331781,0,7000439,16766,176,0,4.52,0.0,inf,7309154,23066,0.32,Americas
Micronesia,22247,58,0,22189,0,0,0,0.26,0.0,inf,22247,0,0.0,Western Pacific
Moldova,597598,11947,0,585651,0,0,0,2.0,0.0,inf,597216,382,0.06,Europe
Monaco,16041,65,0,15976,0,0,0,0.41,0.0,inf,16021,20,0.12,Europe
Mongolia,1007855,2136,0,1005719,6,0,0,0.21,0.0,inf,1007821,34,0.0,Western Pacific
Montenegro,285895,2795,0,283100,59,1,0,0.98,0.0,inf,285483,412,0.14,Europe
Montserrat (UK),1403,8,0,1395,0,0,0,0.57,0.0,inf,1403,0,0.0,Americas
Morocco,1272146,16296,0,1255850,15,0,0,1.28,0.0,inf,1272022,124,0.01,Eastern Mediterranean
Mozambique,231404,2232,0,229172,0,0,0,0.96,0.0,inf,231219,185,0.08,Africa
Namibia,170496,4083,0,166413,0,0,0,2.39,0.0,inf,170369,127,0.07,Africa
Nauru,4621,1,0,4620,0,0,0,0.02,0.0,inf,4621,0,0.0,Western Pacific
Nepal,1001074,12020,0,989054,1,0,0,1.2,0.0,inf,1001046,28,0.0,South-East Asia
Netherlands,8579592,22990,0,8556602,913,0,0,0.27,0.0,inf,8577717,1875,0.02,Europe
New Zealand,2165648,2439,0,2163209,31,0,0,0.11,0.0,inf,2146415,19233,0.9,Western Pacific
Nicaragua,15541,245,0,15296,0,0,0,1.58,0.0,inf,15507,34,0.22,Americas
Niger,9506,315,0,9191,0,0,0,3.31,0.0,inf,9506,0,0.0,Africa
Nigeria,266463,3155,0,263308,0,0,0,1.18,0.0,inf,266463,0,0.0,Africa
North Macedonia,346297,9633,0,336664,0,0,0,2.78,0.0,inf,346095,202,0.06,Europe
Norway,1477344,5036,0,1472308,68,73,0,0.34,0.0,inf,1476876,468,0.03,Europe
Oman,399154,4628,0,394526,0,0,0,1.16,0.0,inf,399154,0,0.0,Eastern Mediterranean
Pakistan,1576147,30640,0,1545507,0,0,0,1.94,0.0,inf,1576037,110,0.01,Eastern Mediterranean
Palau,5980,9,0,5971,0,0,0,0.15,0.0,inf,5976,4,0.07,Western Pacific
Panama,1028272,8589,0,1019683,0,0,0,0.84,0.0,inf,1027247,1025,0.1,Americas
Papua New Guinea,46663,669,0,45994,0,0,0,1.43,0.0,inf,46663,0,0.0,Western Pacific
Paraguay,805486,19778,0,785708,5323,32,0,2.46,0.0,inf,800163,5323,0.67,Americas
Peru,4477551,218597,0,4258954,0,0,0,4.88,0.0,inf,4473821,3730,0.08,Americas
Philippines,4071445,65674,0,4005771,294,20,0,1.61,0.0,inf,4069734,1711,0.04,Western Pacific
Poland,6374976,118678,0,6256298,331,3,0,1.86,0.0,inf,6372901,2075,0.03,Europe
Portugal,5562214,25942,0,5536272,0,0,0,0.47,0.0,inf,5557941,4273,0.08,Europe
Qatar,491880,686,0,491194,63,1,0,0.14,0.0,inf,491177,703,0.14,Eastern Mediterranean
Reunion (FR),492820,916,0,491904,995,1,0,0.19,0.0,inf,491825,995,0.2,Africa
Romania,3319680,67504,0,3252176,0,0,0,2.03,0.0,inf,3316192,3488,0.11,Europe
Russia,21573690,386666,0,21187024,6031,40,0,1.79,0.0,inf,21538333,35357,0.16,Europe
Rwanda,133078,1468,0,131610,0,0,0,1.1,0.0,inf,133063,15,0.01,Africa
Saint Kitts and Nevis,6585,46,0,6539,0,0,0,0.7,0.0,inf,6578,7,0.11,Americas
Saint Lucia,29761,409,0,29352,0,0,0,1.37,0.0,inf,29759,2,0.01,Americas
Saint Pierre and Miquelon (FR),3411,2,0,3409,0,0,0,0.06,0.0,inf,3368,43,1.28,Americas
Saint Vincent and the Grenadines,9572,123,0,9449,0,0,0,1.28,0.0,inf,9563,9,0.09,Americas
Samoa,16008,29,0,15979,0,0,0,0.18,0.0,inf,16008,0,0.0,Western Pacific
San Marino,23370,122,0,23248,0,0,0,0.52,0.0,inf,23290,80,0.34,Europe
Sao Tome and Principe,6279,77,0,6202,0,0,0,1.23,0.0,inf,6279,0,0.0,Africa
Saudi Arabia,827556,9554,0,818002,34,2,0,1.15,0.0,inf,827358,198,0.02,Eastern Mediterranean
Senegal,88900,1968,0,86932,0,0,0,2.21,0.0,inf,88900,0,0.0,Africa
Serbia,2463968,17642,0,2446326,795,7,0,0.72,0.0,inf,2458228,5740,0.23,Europe
Seychelles,50355,172,0,50183,0,0,0,0.34,0.0,inf,50355,0,0.0,Africa
Sierra Leone,7760,126,0,7634,0,0,0,1.62,0.0,inf,7760,0,0.0,Africa
Singapore,2213795,1720,0,2212075,360,1,0,0.08,0.0,inf,2211131,2664,0.12,Western Pacific
Sint Maarten (NL),11010,89,0,10921,0,0,0,0.81,0.0,inf,11005,5,0.05,Americas
Slovakia,2659749,20897,0,2638852,97,3,0,0.79,0.0,inf,2659077,672,0.03,Europe
Slovenia,1319207,7042,0,1312165,268,2,0,0.53,0.0,inf,1316918,2289,0.17,Europe
Solomon Islands,24575,153,0,24422,0,0,0,0.62,0.0,inf,24575,0,0.0,Western Pacific
Somalia,27310,1361,0,25949,0,0,0,4.98,0.0,inf,27310,0,0.0,Eastern Mediterranean
South Africa,4053796,102588,0,3951208,269,20,0,2.53,0.0,inf,4051243,2553,0.06,Africa
South Korea,29982905,33185,0,29949720,27539,51,0,0.11,0.0,inf,29774321,208584,0.7,Western Pacific
South Sudan,18368,138,0,18230,0,0,0,0.75,0.0,inf,18368,0,0.0,Africa
Spain,13722677,118183,0,13604494,11426,424,0,0.86,0.0,inf,13711251,11426,0.08,Europe
Sri Lanka,671976,16825,0,655151,6,1,0,2.5,0.0,inf,671959,17,0.0,South-East Asia
Sudan,63725,5001,0,58724,0,0,0,7.85,0.0,inf,63702,23,0.04,Eastern Mediterranean
Summer Olympics 2020,865,0,0,865,0,0,0,0.0,0.0,0.0,865,0,0.0,
Suriname,82020,1398,0,80622,0,0,0,1.7,0.0,inf,82020,0,0.0,Americas
Sweden,2690473,23020,0,2667453,0,0,0,0.86,0.0,inf,2687840,2633,0.1,Europe
Switzerland,4406243,14243,0,4392000,0,0,0,0.32,0.0,inf,4404980,1263,0.03,Europe
Syria,57441,3164,0,54277,0,0,0,5.51,0.0,inf,57435,6,0.01,Eastern Mediterranean
Taiwan*,9302697,16038,0,9286659,18203,61,0,0.17,0.0,inf,9167811,134886,1.47,Western Pacific
Tajikistan,17786,125,0,17661,0,0,0,0.7,0.0,inf,17786,0,0.0,Europe
Tanzania,42530,846,0,41684,0,0,0,1.99,0.0,inf,42467,63,0.15,Africa
Thailand,4752782,34668,0,4718114,0,0,0,0.73,0.0,inf,4752782,0,0.0,South-East Asia
Timor-Leste,23409,138,0,23271,1,0,0,0.59,0.0,inf,23405,4,0.02,South-East Asia
Togo,39352,290,0,39062,0,0,0,0.74,0.0,inf,39350,2,0.01,Africa
Tonga,16590,13,0,16577,0,0,0,0.08,0.0,inf,16590,0,0.0,Western Pacific
Trinidad and Tobago,187204,4309,0,182895,0,0,0,2.3,0.0,inf,186685,519,0.28,Americas
Tunisia,1150217,29291,0,1120926,0,0,0,2.55,0.0,inf,1147729,2488,0.22,Eastern Mediterranean
Turkey,17042722,101492,0,16941230,0,0,0,0.6,0.0,inf,17042722,0,0.0,Europe
Turks and Caicos Islands (UK),6522,38,0,6484,0,0,0,0.58,0.0,inf,6479,43,0.66,Americas
Tuvalu,2805,0,0,2805,0,0,0,0.0,0.0,0.0,2805,0,0.0,Western Pacific
US,101998621,1104103,0,100894518,39347,422,0,1.08,0.0,inf,101649440,349181,0.34,Americas
Uganda,170279,3630,0,166649,0,0,0,2.13,0.0,inf,170279,0,0.0,Africa
Ukraine,5675756,118922,0,5556834,2757,59,0,2.1,0.0,inf,5672711,3045,0.05,Europe
United Arab Emirates,1048517,2348,0,1046169,140,0,0,0.22,0.0,inf,1047936,581,0.06,Eastern Mediterranean
United Kingdom,24416930,216749,0,24200181,85,1,0,0.89,0.0,inf,24400857,16073,0.07,Europe
Uruguay,1029564,7597,0,1021967,0,0,0,0.74,0.0,inf,1025810,3754,0.37,Americas
Uzbekistan,250360,1637,0,248723,28,0,0,0.65,0.0,inf,250137,223,0.09,Europe
Vanuatu,12014,14,0,12000,0,0,0,0.12,0.0,inf,12014,0,0.0,Western Pacific
Venezuela,551191,5840,0,545351,0,0,0,1.06,0.0,inf,550820,371,0.07,Americas
Vietnam,11526301,43186,0,11483115,17,0,0,0.37,0.0,inf,11526089,212,0.0,Western Pacific
West Bank and Gaza,703228,5708,0,697520,0,0,0,0.81,0.0,inf,703228,0,0.0,Eastern Mediterranean
Winter Olympics 2022,535,0,0,535,0,0,0,0.0,0.0,0.0,535,0,0.0,
Yemen,11945,2159,0,9786,0,0,0,18.07,0.0,inf,11945,0,0.0,Eastern Mediterranean
Zambia,338656,4038,0,334618,249,1,0,1.19,0.0,inf,336955,1701,0.5,Africa
Zimbabwe,259981,5637,0,254344,0,0,0,2.17,0.0,inf,259981,0,0.0,Africa
