Country,Confirmed,Deaths,Recovered,Active,New cases,New deaths,New recovered,Deaths / 100 Cases,Recovered / 100 Cases,Deaths / 100 Recovered,Confirmed last week,1 week change,1 week % increase,WHO Region
Afghanistan,206788,7843,0,198945,45,0,0,3.79,0.0,inf,206414,374,0.18,Eastern Mediterranean
Albania,333591,3594,0,329997,24,0,0,1.08,0.0,inf,333472,119,0.04,Europe
Algeria,271156,6881,0,264275,7,0,0,2.54,0.0,inf,271128,28,0.01,Africa
Andorra,47606,158,0,47448,160,0,0,0.33,0.0,inf,47446,160,0.34,Europe
Angola,104946,1928,0,103018,138,3,0,1.84,0.0,inf,104808,138,0.13,Africa
Anguilla (UK),3904,12,0,3892,0,0,0,0.31,0.0,inf,3904,0,0.0,Americas
Antarctica,11,0,0,11,0,0,0,0.0,0.0,0.0,11,0,0.0,
Antigua and Barbuda,9106,146,0,8960,0,0,0,1.6,0.0,inf,9106,0,0.0,Americas
Argentina,9766975,130041,0,9636934,0,0,0,1.33,0.0,inf,9739856,27119,0.28,Americas
Armenia,445881,8712,0,437169,0,0,0,1.95,0.0,inf,445828,53,0.01,Europe
Aruba (NL),43693,280,0,43413,0,0,0,0.64,0.0,inf,43693,0,0.0,Americas
Australia,10874967,16512,0,10858455,4209,20,0,0.15,0.0,inf,10767933,107034,0.99,Western Pacific
Austria,5629173,21286,0,5607887,7136,14,0,0.38,0.0,inf,5595286,33887,0.61,Europe
Azerbaijan,825035,9989,0,815046,92,0,0,1.21,0.0,inf,824641,394,0.05,Europe
Bahamas,37491,833,0,36658,0,0,0,2.22,0.0,inf,37491,0,0.0,Americas
Bahrain,697618,1538,0,696080,98,1,0,0.22,0.0,inf,696851,767,0.11,Eastern Mediterranean
Bangladesh,2036866,29437,0,2007429,21,0,0,1.45,0.0,inf,2036717,149,0.01,South-East Asia
Barbados,104944,568,0,104376,0,0,0,0.54,0.0,inf,104416,528,0.51,Americas
Belarus,994037,7118,0,986919,0,0,0,0.72,0.0,inf,994037,0,0.0,Europe
Belgium,4654473,33133,0,4621340,0,0,0,0.71,0.0,inf,4644478,9995,0.22,Europe
Belize,69376,688,0,68688,0,0,0,0.99,0.0,inf,69117,259,0.37,Americas
Benin,27980,163,0,27817,0,0,0,0.58,0.0,inf,27980,0,0.0,Africa
Bhutan,62521,21,0,62500,0,0,0,0.03,0.0,inf,62512,9,0.01,South-East Asia
Bolivia,1122783,22253,0,1100530,0,0,0,1.98,0.0,inf,1114914,7869,0.71,Americas
Bosnia and Herzegovina,400734,16217,0,384517,12,0,0,4.05,0.0,inf,400626,108,0.03,Europe
Botswana,327061,2793,0,324268,0,0,0,0.85,0.0,inf,326800,261,0.08,Africa
Brazil,35751411,691449,0,35059962,54493,271,0,1.93,0.0,inf,35396191,355220,1.0,Americas
British Virgin Islands (UK),7305,64,0,7241,0,0,0,0.88,0.0,inf,7305,0,0.0,Americas
Brunei,264490,225,0,264265,0,0,0,0.09,0.0,inf,261440,3050,1.17,Western Pacific
Bulgaria,1289685,38076,0,1251609,211,4,0,2.95,0.0,inf,1288400,1285,0.1,Europe
Burkina Faso,21631,387,0,21244,0,0,0,1.79,0.0,inf,21631,0,0.0,Africa
Burma,633508,19488,0,614020,33,0,0,3.08,0.0,inf,633369,139,0.02,South-East Asia
Burundi,51481,38,0,51443,205,0,0,0.07,0.0,inf,51276,205,0.4,Africa
Cabo Verde,63150,412,0,62738,6,0,0,0.65,0.0,inf,63107,43,0.07,Africa
Cambodia,138320,3056,0,135264,18,0,0,2.21,0.0,inf,138188,132,0.1,Western Pacific
Cameroon,123993,1965,0,122028,0,0,0,1.58,0.0,inf,123993,0,0.0,Africa
Canada,4472043,48656,0,4423387,2337,58,0,1.09,0.0,inf,4455836,16207,0.36,Americas
Cayman Islands (UK),31359,36,0,31323,0,0,0,0.11,0.0,inf,31359,0,0.0,Americas
Central African Republic,15311,113,0,15198,0,0,0,0.74,0.0,inf,15311,0,0.0,Africa
Chad,7648,194,0,7454,0,0,0,2.54,0.0,inf,7647,1,0.01,Africa
Chile,4967494,62753,0,4904741,4290,4,0,1.26,0.0,inf,4945425,22069,0.45,Americas
China,4182811,16297,0,4166514,14870,35,0,0.39,0.0,inf,4004311,178500,4.46,Western Pacific
Colombia,6317010,141881,0,6175129,0,0,0,2.25,0.0,inf,6317010,0,0.0,Americas
Comoros,8979,161,0,8818,2,0,0,1.79,0.0,inf,8977,2,0.02,Africa
Congo (Brazzaville),25375,386,0,24989,0,0,0,1.52,0.0,inf,25375,0,0.0,Africa
Congo (Kinshasa),94714,1457,0,93257,0,0,0,1.54,0.0,inf,94452,262,0.28,Africa
Costa Rica,1152466,9051,0,1143415,0,0,0,0.79,0.0,inf,1148914,3552,0.31,Americas
Cote d'Ivoire,87902,830,0,87072,0,0,0,0.94,0.0,inf,87891,11,0.01,Africa
Croatia,1257989,17429,0,1240560,577,2,0,1.39,0.0,inf,1255643,2346,0.19,Europe
Cuba,1111582,8530,0,1103052,13,0,0,0.77,0.0,inf,1111466,116,0.01,Americas
Curacao (NL),45986,298,0,45688,0,1,0,0.65,0.0,inf,45986,0,0.0,Americas
Cyprus,622102,1242,0,620860,0,0,0,0.2,0.0,inf,618248,3854,0.62,Europe
Czechia,4570189,41979,0,4528210,1196,8,0,0.92,0.0,inf,4564148,6041,0.13,Europe
Denmark,3369387,7620,0,3361767,972,12,0,0.23,0.0,inf,3360156,9231,0.27,Europe
Djibouti,15690,189,0,15501,0,0,0,1.2,0.0,inf,15690,0,0.0,Eastern Mediterranean
Dominica,15760,74,0,15686,0,0,0,0.47,0.0,inf,15760,0,0.0,Americas
Dominican Republic,654759,4384,0,650375,1834,0,0,0.67,0.0,inf,650990,3769,0.58,Americas
Ecuador,1024914,35940,0,988974,0,0,0,3.51,0.0,inf,1013912,11002,1.09,Americas
Egypt,515645,24800,0,490845,0,0,0,4.81,0.0,inf,515645,0,0.0,Eastern Mediterranean
El Salvador,201785,4230,0,197555,0,0,0,2.1,0.0,inf,201785,0,0.0,Americas
Equatorial Guinea,17186,183,0,17003,2,0,0,1.06,0.0,inf,17184,2,0.01,Africa
Eritrea,10189,103,0,10086,0,0,0,1.01,0.0,inf,10189,0,0.0,Africa
Estonia,610473,2799,0,607674,0,0,0,0.46,0.0,inf,609827,646,0.11,Europe
Eswatini,73962,1422,0,72540,54,0,0,1.92,0.0,inf,73908,54,0.07,Africa
Ethiopia,495420,7572,0,487848,0,0,0,1.53,0.0,inf,494926,494,0.1,Africa
Falkland Islands (Malvinas) (UK),1930,0,0,1930,0,0,0,0.0,0.0,0.0,1930,0,0.0,Africa
Faroe Islands (DK),34658,28,0,34630,0,0,0,0.08,0.0,inf,34658,0,0.0,Europe
Fiji,68553,878,0,67675,0,0,0,1.28,0.0,inf,68451,102,0.15,Western Pacific
Finland,1417909,7572,0,1410337,0,0,0,0.53,0.0,inf,1405255,12654,0.9,Europe
France,37759379,156936,0,37602443,70002,109,0,0.42,0.0,inf,37338329,421050,1.13,Europe
French Guiana,97097,411,0,96686,0,0,0,0.42,0.0,inf,96389,708,0.73,Americas
French Polynesia,77704,649,0,77055,0,0,0,0.84,0.0,inf,77416,288,0.37,Western Pacific
Gabon,48973,306,0,48667,0,0,0,0.62,0.0,inf,48973,0,0.0,Africa
Gambia,12586,372,0,12214,0,0,0,2.96,0.0,inf,12586,0,0.0,Africa
Georgia,1808085,16895,0,1791190,431,7,0,0.93,0.0,inf,1806918,1167,0.06,Europe
Germany,36905873,159594,0,36746279,46815,227,0,0.43,0.0,inf,36690235,215638,0.59,Europe
Ghana,171023,1461,0,169562,0,0,0,0.85,0.0,inf,171023,0,0.0,Africa
Gibraltar (UK),20207,110,0,20097,0,0,0,0.54,0.0,inf,20207,0,0.0,Europe
Greece,5500737,34614,0,5466123,0,0,0,0.63,0.0,inf,5448700,52037,0.96,Europe
Greenland (DK),11971,21,0,11950,0,0,0,0.18,0.0,inf,11971,0,0.0,Europe
Grenada,19644,238,0,19406,0,0,0,1.21,0.0,inf,19636,8,0.04,Americas
Guadeloupe (FR),198608,997,0,197611,0,0,0,0.5,0.0,inf,197918,690,0.35,Americas
Guatemala,1177088,19969,0,1157119,2640,3,0,1.7,0.0,inf,1164240,12848,1.1,Americas
Guinea,38191,465,0,37726,38,1,0,1.22,0.0,inf,38153,38,0.1,Africa
Guinea-Bissau,8848,176,0,8672,0,0,0,1.99,0.0,inf,8848,0,0.0,Africa
Guyana,71757,1285,0,70472,0,0,0,1.79,0.0,inf,71679,78,0.11,Americas
Haiti,33874,860,0,33014,0,0,0,2.54,0.0,inf,33862,12,0.04,Americas
Holy See,29,0,0,29,0,0,0,0.0,0.0,0.0,29,0,0.0,Europe
Honduras,460714,11054,0,449660,0,0,0,2.4,0.0,inf,458921,1793,0.39,Americas
Hungary,2176249,48380,0,2127869,5193,43,0,2.22,0.0,inf,2171056,5193,0.24,Europe
Iceland,207101,219,0,206882,0,0,0,0.11,0.0,inf,207101,0,0.0,Europe
India,44676670,530663,0,44146007,200,5,0,1.19,0.0,inf,44675413,1257,0.0,South-East Asia
Indonesia,6704268,160311,0,6543957,2136,24,0,2.39,0.0,inf,6689532,14736,0.22,South-East Asia
Iran,7560294,144658,0,7415636,47,0,0,1.91,0.0,inf,7559999,295,0.0,Eastern Mediterranean
Iraq,2464375,25366,0,2439009,0,0,0,1.03,0.0,inf,2464375,0,0.0,Eastern Mediterranean
Ireland,1684717,8270,0,1676447,2308,39,0,0.49,0.0,inf,1682409,2308,0.14,Europe
Israel,4742934,11934,0,4731000,1702,14,0,0.25,0.0,inf,4733452,9482,0.2,Europe
Italy,24709404,182419,0,24526985,0,0,0,0.74,0.0,inf,24488080,221324,0.9,Europe
Jamaica,152669,3433,0,149236,0,0,0,2.25,0.0,inf,152624,45,0.03,Americas
Japan,26521902,52295,0,26469607,190607,244,0,0.2,0.0,inf,25576875,945027,3.69,Western Pacific
Jordan,1746997,14122,0,1732875,0,0,0,0.81,0.0,inf,1746997,0,0.0,Eastern Mediterranean
Kazakhstan,1488306,19056,0,1469250,0,0,0,1.28,0.0,inf,1487167,1139,0.08,Europe
Kenya,342209,5684,0,336525,54,0,0,1.66,0.0,inf,342026,183,0.05,Africa
Kiribati,3430,13,0,3417,0,0,0,0.38,0.0,inf,3430,0,0.0,Western Pacific
"Korea, North",1,6,0,-5,0,0,0,600.0,0.0,inf,1,0,0.0,
Kosovo,272222,3202,0,269020,3,0,0,1.18,0.0,inf,272216,6,0.0,Europe
Kuwait,662747,2570,0,660177,0,0,0,0.39,0.0,inf,662747,0,0.0,Eastern Mediterranean
Kyrgyzstan,206553,2991,0,203562,0,0,0,1.45,0.0,inf,206543,10,0.0,Europe
Laos,217332,758,0,216574,43,0,0,0.35,0.0,inf,217026,306,0.14,Western Pacific
Latvia,969495,6113,0,963382,503,0,0,0.63,0.0,inf,966813,2682,0.28,Europe
Lebanon,1221370,10742,0,1210628,97,1,0,0.88,0.0,inf,1220831,539,0.04,Eastern Mediterranean
Lesotho,34490,706,0,33784,0,0,0,2.05,0.0,inf,34490,0,0.0,Africa
Liberia,8041,294,0,7747,4,0,0,3.66,0.0,inf,8035,6,0.07,Africa
Libya,507112,6437,0,500675,0,0,0,1.27,0.0,inf,507100,12,0.0,Eastern Mediterranean
Liechtenstein,21145,88,0,21057,21,0,0,0.42,0.0,inf,21064,81,0.38,Europe
Lithuania,1281955,9450,0,1272505,1330,8,0,0.74,0.0,inf,1279048,2907,0.23,Europe
Luxembourg,309432,1171,0,308261,179,1,0,0.38,0.0,inf,308061,1371,0.45,Europe
Madagascar,67621,1414,0,66207,0,0,0,2.09,0.0,inf,67488,133,0.2,Africa
Malawi,88220,2685,0,85535,0,0,0,3.04,0.0,inf,88220,0,0.0,Africa
Malaysia,5013724,36784,0,4976940,1241,6,0,0.73,0.0,inf,5005239,8485,0.17,Western Pacific
Maldives,185651,311,0,185340,0,0,0,0.17,0.0,inf,185632,19,0.01,South-East Asia
Mali,32764,743,0,32021,0,0,0,2.27,0.0,inf,32760,4,0.01,Africa
Malta,116028,811,0,115217,28,2,0,0.7,0.0,inf,115918,110,0.09,Europe
Marshall Islands,15547,17,0,15530,0,0,0,0.11,0.0,inf,15541,6,0.04,Western Pacific
Martinique (FR),224826,1076,0,223750,358,5,0,0.48,0.0,inf,224468,358,0.16,Americas
Mauritania,63425,997,0,62428,0,0,0,1.57,0.0,inf,63421,4,0.01,Africa
Mauritius,287999,1038,0,286961,3005,0,0,0.36,0.0,inf,281163,6836,2.43,Africa
Mayotte (FR),41853,187,0,41666,0,0,0,0.45,0.0,inf,41679,174,0.42,Africa
Mexico,7169653,330729,0,6838924,0,0,0,4.61,0.0,inf,7152852,16801,0.23,Americas
Micronesia,22203,58,0,22145,0,0,0,0.26,0.0,inf,22203,0,0.0,Western Pacific
Moldova,595745,11922,0,583823,0,0,0,2.0,0.0,inf,595402,343,0.06,Europe
Monaco,15784,65,0,15719,0,0,0,0.41,0.0,inf,15674,110,0.7,Europe
Mongolia,1006929,2135,0,1004794,78,0,0,0.21,0.0,inf,993779,13150,1.32,Western Pacific
Montenegro,284224,2790,0,281434,48,0,0,0.98,0.0,inf,283942,282,0.1,Europe
Montserrat (UK),1403,8,0,1395,0,0,0,0.57,0.0,inf,1403,0,0.0,Americas
Morocco,1270466,16290,0,1254176,148,1,0,1.28,0.0,inf,1269717,749,0.06,Eastern Mediterranean
Mozambique,230816,2229,0,228587,0,0,0,0.97,0.0,inf,230624,192,0.08,Africa
Namibia,169946,4080,0,165866,0,0,0,2.4,0.0,inf,169946,0,0.0,Africa
Nauru,4621,1,0,4620,0,0,0,0.02,0.0,inf,4621,0,0.0,Western Pacific
Nepal,1000942,12019,0,988923,1,0,0,1.2,0.0,inf,1000921,21,0.0,South-East Asia
Netherlands,8553087,22940,0,8530147,0,0,0,0.27,0.0,inf,8547284,5803,0.07,Europe
New Zealand,2026283,2258,0,2024025,6,0,0,0.11,0.0,inf,1986183,40100,2.02,Western Pacific
Nicaragua,15308,245,0,15063,45,0,0,1.6,0.0,inf,15263,45,0.29,Americas
Niger,9434,314,0,9120,0,0,0,3.33,0.0,inf,9434,0,0.0,Africa
Nigeria,266381,3155,0,263226,0,0,0,1.18,0.0,inf,266283,98,0.04,Africa
North Macedonia,345197,9599,0,335598,0,0,0,2.78,0.0,inf,345067,130,0.04,Europe
Norway,1471598,4498,0,1467100,256,0,0,0.31,0.0,inf,1470201,1397,0.1,Europe
Oman,399119,4628,0,394491,0,0,0,1.16,0.0,inf,399119,0,0.0,Eastern Mediterranean
Pakistan,1575486,30635,0,1544851,0,0,0,1.94,0.0,inf,1575406,80,0.01,Eastern Mediterranean
Palau,5933,9,0,5924,0,0,0,0.15,0.0,inf,5896,37,0.63,Western Pacific
Panama,1015970,8543,0,1007427,0,0,0,0.84,0.0,inf,1009252,6718,0.67,Americas
Papua New Guinea,46457,669,0,45788,0,0,0,1.44,0.0,inf,46338,119,0.26,Western Pacific
Paraguay,778895,19646,0,759249,0,0,0,2.52,0.0,inf,778895,0,0.0,Americas
Peru,4376905,217704,0,4159201,0,0,0,4.97,0.0,inf,4330521,46384,1.07,Americas
Philippines,4051754,64944,0,3986810,888,23,0,1.6,0.0,inf,4044000,7754,0.19,Western Pacific
Poland,6359556,118395,0,6241161,770,6,0,1.86,0.0,inf,6356082,3474,0.05,Europe
Portugal,5551364,25643,0,5525721,1885,59,0,0.46,0.0,inf,5546290,5074,0.09,Europe
Qatar,485440,685,0,484755,376,0,0,0.14,0.0,inf,482499,2941,0.61,Eastern Mediterranean
Reunion (FR),482906,905,0,482001,0,0,0,0.19,0.0,inf,481540,1366,0.28,Africa
Romania,3301662,67310,0,3234352,0,0,0,2.04,0.0,inf,3298738,2924,0.09,Europe
Russia,21377974,384861,0,20993113,7485,54,0,1.8,0.0,inf,21329068,48906,0.23,Europe
Rwanda,132811,1467,0,131344,0,0,0,1.1,0.0,inf,132811,0,0.0,Africa
Saint Kitts and Nevis,6559,46,0,6513,0,0,0,0.7,0.0,inf,6559,0,0.0,Americas
Saint Lucia,29729,409,0,29320,0,0,0,1.38,0.0,inf,29723,6,0.02,Americas
Saint Pierre and Miquelon (FR),3306,2,0,3304,0,0,0,0.06,0.0,inf,3282,24,0.73,Americas
Saint Vincent and the Grenadines,9500,116,0,9384,0,0,0,1.22,0.0,inf,9474,26,0.27,Americas
Samoa,15970,29,0,15941,0,0,0,0.18,0.0,inf,15968,2,0.01,Western Pacific
San Marino,22615,120,0,22495,0,0,0,0.53,0.0,inf,22406,209,0.93,Europe
Sao Tome and Principe,6279,77,0,6202,0,0,0,1.23,0.0,inf,6279,0,0.0,Africa
Saudi Arabia,826365,9490,0,816875,53,3,0,1.15,0.0,inf,826009,356,0.04,Eastern Mediterranean
Senegal,88891,1968,0,86923,4,0,0,2.21,0.0,inf,88887,4,0.0,Africa
Serbia,2432186,17451,0,2414735,0,2,0,0.72,0.0,inf,2427599,4587,0.19,Europe
Seychelles,50355,172,0,50183,287,1,0,0.34,0.0,inf,50068,287,0.57,Africa
Sierra Leone,7760,126,0,7634,0,0,0,1.62,0.0,inf,7760,0,0.0,Africa
Singapore,2184952,1708,0,2183244,1347,0,0,0.08,0.0,inf,2176338,8614,0.4,Western Pacific
Sint Maarten (NL),10964,89,0,10875,0,0,0,0.81,0.0,inf,10964,0,0.0,Americas
Slovakia,2653639,20773,0,2632866,393,3,0,0.78,0.0,inf,2651788,1851,0.07,Europe
Slovenia,1281705,6962,0,1274743,2408,4,0,0.54,0.0,inf,1269058,12647,1.0,Europe
Solomon Islands,24575,153,0,24422,0,0,0,0.62,0.0,inf,24575,0,0.0,Western Pacific
Somalia,27300,1361,0,25939,0,0,0,4.99,0.0,inf,27286,14,0.05,Eastern Mediterranean
South Africa,4045472,102550,0,3942922,0,0,0,2.53,0.0,inf,4043543,1929,0.05,Africa
South Korea,27995726,31232,0,27964494,70154,58,0,0.11,0.0,inf,27548821,446905,1.62,Western Pacific
South Sudan,18368,138,0,18230,16,0,0,0.75,0.0,inf,18352,16,0.09,Africa
Spain,13632635,116422,0,13516213,0,0,0,0.85,0.0,inf,13614807,17828,0.13,Europe
Sri Lanka,671776,16809,0,654967,6,0,0,2.5,0.0,inf,671722,54,0.01,South-East Asia
Sudan,63663,4992,0,58671,0,0,0,7.84,0.0,inf,63655,8,0.01,Eastern Mediterranean
Summer Olympics 2020,865,0,0,865,0,0,0,0.0,0.0,0.0,865,0,0.0,
Suriname,81581,1393,0,80188,0,0,0,1.71,0.0,inf,81581,0,0.0,Americas
Sweden,2640369,21234,0,2619135,0,0,0,0.8,0.0,inf,2632091,8278,0.31,Europe
Switzerland,4373011,14156,0,4358855,0,3,0,0.32,0.0,inf,4356582,16429,0.38,Europe
Syria,57422,3163,0,54259,1,0,0,5.51,0.0,inf,57410,12,0.02,Eastern Mediterranean
Taiwan*,8498195,14722,0,8483473,0,0,0,0.17,0.0,inf,8412200,85995,1.02,Western Pacific
Tajikistan,17786,125,0,17661,0,0,0,0.7,0.0,inf,17786,0,0.0,Europe
Tanzania,40806,845,0,39961,0,0,0,2.07,0.0,inf,40806,0,0.0,Africa
Thailand,4715489,33392,0,4682097,0,0,0,0.71,0.0,inf,4711528,3961,0.08,South-East Asia
Timor-Leste,23376,138,0,23238,1,0,0,0.59,0.0,inf,23360,16,0.07,South-East Asia
Togo,39337,290,0,39047,0,0,0,0.74,0.0,inf,39334,3,0.01,Africa
Tonga,16182,12,0,16170,0,0,0,0.07,0.0,inf,16182,0,0.0,Western Pacific
Trinidad and Tobago,185708,4271,0,181437,0,0,0,2.3,0.0,inf,185528,180,0.1,Americas
Tunisia,1147282,29272,0,1118010,0,0,0,2.55,0.0,inf,1147145,137,0.01,Eastern Mediterranean
Turkey,16919638,101203,0,16818435,0,0,0,0.6,0.0,inf,16919638,0,0.0,Europe
Turks and Caicos Islands (UK),6463,36,0,6427,0,0,0,0.56,0.0,inf,6446,17,0.26,Americas
Tuvalu,2805,0,0,2805,0,0,0,0.0,0.0,0.0,2805,0,0.0,Western Pacific
US,99682155,1086199,0,98595956,146480,916,0,1.09,0.0,inf,99275164,406991,0.41,Americas
Uganda,169810,3630,0,166180,0,0,0,2.14,0.0,inf,169810,0,0.0,Africa
Ukraine,5657443,118610,0,5538833,4333,57,0,2.1,0.0,inf,5647980,9463,0.17,Europe
United Arab Emirates,1045812,2348,0,1043464,104,0,0,0.22,0.0,inf,1045040,772,0.07,Eastern Mediterranean
United Kingdom,24206778,213242,0,23993536,0,0,0,0.88,0.0,inf,24177481,29297,0.12,Europe
Uruguay,998047,7548,0,990499,0,0,0,0.76,0.0,inf,995402,2645,0.27,Americas
Uzbekistan,248369,1637,0,246732,101,0,0,0.66,0.0,inf,247581,788,0.32,Europe
Vanuatu,11981,14,0,11967,0,0,0,0.12,0.0,inf,11981,0,0.0,Western Pacific
Venezuela,548570,5830,0,542740,0,0,0,1.06,0.0,inf,547962,608,0.11,Americas
Vietnam,11521708,43179,0,11478529,320,0,0,0.37,0.0,inf,11519011,2697,0.02,Western Pacific
West Bank and Gaza,703228,5708,0,697520,0,0,0,0.81,0.0,inf,703036,192,0.03,Eastern Mediterranean
Winter Olympics 2022,535,0,0,535,0,0,0,0.0,0.0,0.0,535,0,0.0,
Yemen,11945,2159,0,9786,0,0,0,18.07,0.0,inf,11945,0,0.0,Eastern Mediterranean
Zambia,333746,4019,0,329727,0,0,0,1.2,0.0,inf,333746,0,0.0,Africa
Zimbabwe,259356,5622,0,253734,0,0,0,2.17,0.0,inf,259356,0,0.0,Africa
