Country,Confirmed,Deaths,Recovered,Active,New cases,New deaths,New recovered,Deaths / 100 Cases,Recovered / 100 Cases,Deaths / 100 Recovered,Confirmed last week,1 week change,1 week % increase,WHO Region
Afghanistan,184819,7738,0,177081,232,0,0,4.19,0.0,inf,183687,1132,0.62,Eastern Mediterranean
Albania,305123,3529,0,301594,233,2,0,1.16,0.0,inf,296732,8391,2.83,Europe
Algeria,266916,6876,0,260040,77,0,0,2.58,0.0,inf,266487,429,0.16,Africa
Andorra,45326,153,0,45173,0,0,0,0.34,0.0,inf,45061,265,0.59,Europe
Angola,102301,1912,0,100389,0,0,0,1.87,0.0,inf,102209,92,0.09,Africa
Anguilla (UK),3543,10,0,3533,0,0,0,0.28,0.0,inf,3535,8,0.23,Americas
Antarctica,11,0,0,11,0,0,0,0.0,0.0,0.0,11,0,0.0,
Antigua and Barbuda,8736,144,0,8592,0,0,0,1.65,0.0,inf,8712,24,0.28,Americas
Argentina,9507562,129278,0,9378284,0,0,0,1.36,0.0,inf,9465827,41735,0.44,Americas
Armenia,425365,8633,0,416732,965,4,0,2.03,0.0,inf,424400,965,0.23,Europe
Aruba (NL),42020,224,0,41796,233,0,0,0.53,0.0,inf,41787,233,0.56,Americas
Australia,9185736,11300,0,9174436,49626,115,0,0.12,0.0,inf,8863247,322489,3.64,Western Pacific
Austria,4734005,20254,0,4713751,29389,28,0,0.43,0.0,inf,4655677,78328,1.68,Europe
Azerbaijan,796576,9735,0,786841,102,0,0,1.22,0.0,inf,794656,1920,0.24,Europe
Bahamas,36604,822,0,35782,36,0,0,2.25,0.0,inf,36435,169,0.46,Americas
Bahrain,656410,1506,0,654904,761,0,0,0.23,0.0,inf,650625,5785,0.89,Eastern Mediterranean
Bangladesh,2002323,29271,0,1973052,548,5,0,1.46,0.0,inf,1997412,4911,0.25,South-East Asia
Barbados,90080,484,0,89596,193,0,0,0.54,0.0,inf,87754,2326,2.65,Americas
Belarus,994037,7118,0,986919,0,0,0,0.72,0.0,inf,994037,0,0.0,Europe
Belgium,4398161,32179,0,4365982,16830,61,0,0.73,0.0,inf,4368611,29550,0.68,Europe
Belize,66767,680,0,66087,146,0,0,1.02,0.0,inf,66179,588,0.89,Americas
Benin,27271,163,0,27108,0,0,0,0.6,0.0,inf,27216,55,0.2,Africa
Bhutan,60368,21,0,60347,259,0,0,0.03,0.0,inf,60109,259,0.43,South-East Asia
Bolivia,1007919,22025,0,985894,4519,4,0,2.19,0.0,inf,969652,38267,3.95,Americas
Bosnia and Herzegovina,383415,15839,0,367576,554,11,0,4.13,0.0,inf,381150,2265,0.59,Europe
Botswana,325181,2763,0,322418,0,0,0,0.85,0.0,inf,324841,340,0.1,Africa
Brazil,33621965,677143,0,32944822,30609,179,0,2.01,0.0,inf,33339815,282150,0.85,Americas
British Virgin Islands (UK),7131,63,0,7068,0,0,0,0.88,0.0,inf,7131,0,0.0,Americas
Brunei,200279,225,0,200054,5166,0,0,0.11,0.0,inf,188219,12060,6.41,Western Pacific
Bulgaria,1198359,37342,0,1161017,2987,12,0,3.12,0.0,inf,1187138,11221,0.95,Europe
Burkina Faso,21128,387,0,20741,0,0,0,1.83,0.0,inf,21128,0,0.0,Africa
Burma,613966,19434,0,594532,15,0,0,3.17,0.0,inf,613838,128,0.02,South-East Asia
Burundi,44437,38,0,44399,587,0,0,0.09,0.0,inf,43414,1023,2.36,Africa
Cabo Verde,62078,409,0,61669,6,0,0,0.66,0.0,inf,61922,156,0.25,Africa
Cambodia,136612,3056,0,133556,24,0,0,2.24,0.0,inf,136477,135,0.1,Western Pacific
Cameroon,120068,1931,0,118137,0,0,0,1.61,0.0,inf,120068,0,0.0,Africa
Canada,4064071,42694,0,4021377,1276,4,0,1.05,0.0,inf,4026056,38015,0.94,Americas
Cayman Islands (UK),28784,29,0,28755,0,0,0,0.1,0.0,inf,28389,395,1.39,Americas
Central African Republic,14712,113,0,14599,0,0,0,0.77,0.0,inf,14712,0,0.0,Africa
Chad,7432,193,0,7239,2,0,0,2.6,0.0,inf,7430,2,0.03,Africa
Chile,4191347,59383,0,4131964,6100,51,0,1.42,0.0,inf,4141778,49569,1.2,Americas
China,2229362,14704,0,2214658,4880,3,0,0.66,0.0,inf,2195056,34306,1.56,Western Pacific
Colombia,6247634,140603,0,6107031,0,0,0,2.25,0.0,inf,6223497,24137,0.39,Americas
Comoros,8270,160,0,8110,0,0,0,1.93,0.0,inf,8209,61,0.74,Africa
Congo (Brazzaville),24604,386,0,24218,0,0,0,1.57,0.0,inf,24604,0,0.0,Africa
Congo (Kinshasa),91928,1390,0,90538,0,0,0,1.51,0.0,inf,91737,191,0.21,Africa
Costa Rica,989213,8670,0,980543,0,0,0,0.88,0.0,inf,904934,84279,9.31,Americas
Cote d'Ivoire,84998,810,0,84188,16,0,0,0.95,0.0,inf,84616,382,0.45,Africa
Croatia,1177692,16235,0,1161457,97,18,0,1.38,0.0,inf,1168191,9501,0.81,Europe
Cuba,1107510,8529,0,1098981,103,0,0,0.77,0.0,inf,1106879,631,0.06,Americas
Curacao (NL),45063,282,0,44781,131,0,0,0.63,0.0,inf,44932,131,0.29,Americas
Cyprus,556048,1099,0,554949,0,0,0,0.2,0.0,inf,545896,10152,1.86,Europe
Czechia,3968476,40390,0,3928086,343,3,0,1.02,0.0,inf,3955555,12921,0.33,Europe
Denmark,3218418,6591,0,3211827,0,0,0,0.2,0.0,inf,3209307,9111,0.28,Europe
Djibouti,15690,189,0,15501,0,0,0,1.2,0.0,inf,15690,0,0.0,Eastern Mediterranean
Dominica,14852,68,0,14784,0,0,0,0.46,0.0,inf,14852,0,0.0,Americas
Dominican Republic,626611,4383,0,622228,1455,0,0,0.7,0.0,inf,622432,4179,0.67,Americas
Ecuador,955583,35793,0,919790,9096,7,0,3.75,0.0,inf,935211,20372,2.18,Americas
Egypt,515645,24765,0,490880,0,15,0,4.8,0.0,inf,515645,0,0.0,Eastern Mediterranean
El Salvador,180970,4189,0,176781,0,5,0,2.31,0.0,inf,180970,0,0.0,Americas
Equatorial Guinea,16704,183,0,16521,50,0,0,1.1,0.0,inf,16621,83,0.5,Africa
Eritrea,9944,103,0,9841,16,0,0,1.04,0.0,inf,9882,62,0.63,Africa
Estonia,584373,2612,0,581761,0,0,0,0.45,0.0,inf,585143,-770,-0.13,Europe
Eswatini,73259,1417,0,71842,3,0,0,1.93,0.0,inf,73243,16,0.02,Africa
Ethiopia,491834,7567,0,484267,75,1,0,1.54,0.0,inf,491086,748,0.15,Africa
Falkland Islands (Malvinas) (UK),1835,0,0,1835,0,0,0,0.0,0.0,0.0,1831,4,0.22,Africa
Faroe Islands (DK),34658,28,0,34630,0,0,0,0.08,0.0,inf,34658,0,0.0,Europe
Fiji,67356,870,0,66486,165,0,0,1.29,0.0,inf,66975,381,0.57,Western Pacific
Finland,1171034,5012,0,1166022,0,0,0,0.43,0.0,inf,1171034,0,0.0,Europe
France,32728503,148590,0,32579913,129759,210,0,0.45,0.0,inf,32224775,503728,1.56,Europe
French Guiana,89779,402,0,89377,0,0,0,0.45,0.0,inf,89779,0,0.0,Americas
French Polynesia,74809,649,0,74160,170,0,0,0.87,0.0,inf,74113,696,0.94,Western Pacific
Gabon,48417,306,0,48111,0,0,0,0.63,0.0,inf,48289,128,0.27,Africa
Gambia,12028,368,0,11660,0,0,0,3.06,0.0,inf,12009,19,0.16,Africa
Georgia,1675265,16854,0,1658411,0,0,0,1.01,0.0,inf,1667453,7812,0.47,Europe
Germany,30476605,143364,0,30333241,145472,187,0,0.47,0.0,inf,29853680,622925,2.09,Europe
Ghana,167215,1456,0,165759,0,0,0,0.87,0.0,inf,167215,0,0.0,Africa
Gibraltar (UK),19902,105,0,19797,0,0,0,0.53,0.0,inf,19862,40,0.2,Europe
Greece,4210771,30707,0,4180064,0,0,0,0.73,0.0,inf,3843142,367629,9.57,Europe
Greenland (DK),11971,21,0,11950,0,0,0,0.18,0.0,inf,11971,0,0.0,Europe
Grenada,18720,233,0,18487,0,0,0,1.24,0.0,inf,18655,65,0.35,Americas
Guadeloupe (FR),179285,960,0,178325,0,0,0,0.54,0.0,inf,175348,3937,2.25,Americas
Guatemala,1017542,18940,0,998602,876,6,0,1.86,0.0,inf,985245,32297,3.28,Americas
Guinea,37358,445,0,36913,0,0,0,1.19,0.0,inf,37358,0,0.0,Africa
Guinea-Bissau,8400,171,0,8229,0,0,0,2.04,0.0,inf,8400,0,0.0,Africa
Guyana,69468,1270,0,68198,21,0,0,1.83,0.0,inf,68972,496,0.72,Americas
Haiti,32178,838,0,31340,47,0,0,2.6,0.0,inf,32103,75,0.23,Americas
Holy See,29,0,0,29,0,0,0,0.0,0.0,0.0,29,0,0.0,Europe
Honduras,436210,10931,0,425279,0,0,0,2.51,0.0,inf,432139,4071,0.94,Americas
Hungary,1951079,46736,0,1904343,0,0,0,2.4,0.0,inf,1940824,10255,0.53,Europe
Iceland,201082,179,0,200903,0,0,0,0.09,0.0,inf,199611,1471,0.74,Europe
India,43920451,526110,0,43394341,14830,36,0,1.2,0.0,inf,43783062,137389,0.31,South-East Asia
Indonesia,6172390,156916,0,6015474,4048,14,0,2.54,0.0,inf,6138346,34044,0.55,South-East Asia
Iran,7337928,141717,0,7196211,9775,33,0,1.93,0.0,inf,7284165,53763,0.74,Eastern Mediterranean
Iraq,2432786,25293,0,2407493,2953,3,0,1.04,0.0,inf,2409641,23145,0.96,Eastern Mediterranean
Ireland,1639459,7620,0,1631839,0,0,0,0.46,0.0,inf,1628745,10714,0.66,Europe
Israel,4557774,11300,0,4546474,6637,9,0,0.25,0.0,inf,4518507,39267,0.87,Europe
Italy,20684182,170979,0,20513203,24117,104,0,0.83,0.0,inf,20177910,506272,2.51,Europe
Jamaica,145738,3184,0,142554,105,2,0,2.18,0.0,inf,144881,857,0.59,Americas
Japan,11499018,31946,0,11467072,126463,48,0,0.28,0.0,inf,10394789,1104229,10.62,Western Pacific
Jordan,1709879,14074,0,1695805,4763,4,0,0.82,0.0,inf,1705116,4763,0.28,Eastern Mediterranean
Kazakhstan,1422966,19021,0,1403945,0,1,0,1.34,0.0,inf,1407386,15580,1.11,Europe
Kenya,337339,5670,0,331669,42,0,0,1.68,0.0,inf,336798,541,0.16,Africa
Kiribati,3430,13,0,3417,0,0,0,0.38,0.0,inf,3236,194,6.0,Western Pacific
"Korea, North",1,6,0,-5,0,0,0,600.0,0.0,inf,1,0,0.0,
Kosovo,245857,3164,0,242693,582,1,0,1.29,0.0,inf,237431,8426,3.55,Europe
Kuwait,653020,2559,0,650461,0,0,0,0.39,0.0,inf,648216,4804,0.74,Eastern Mediterranean
Kyrgyzstan,201832,2991,0,198841,128,0,0,1.48,0.0,inf,201704,128,0.06,Europe
Laos,210815,757,0,210058,26,0,0,0.36,0.0,inf,210546,269,0.13,Western Pacific
Latvia,855249,5879,0,849370,2566,0,0,0.69,0.0,inf,846530,8719,1.03,Europe
Lebanon,1159629,10512,0,1149117,1947,3,0,0.91,0.0,inf,1142644,16985,1.49,Eastern Mediterranean
Lesotho,34040,702,0,33338,0,0,0,2.06,0.0,inf,34040,0,0.0,Africa
Liberia,7508,294,0,7214,0,0,0,3.92,0.0,inf,7504,4,0.05,Africa
Libya,503611,6431,0,497180,969,0,0,1.28,0.0,inf,502642,969,0.19,Eastern Mediterranean
Liechtenstein,18571,86,0,18485,93,1,0,0.46,0.0,inf,18335,236,1.29,Europe
Lithuania,1175998,9201,0,1166797,107,4,0,0.78,0.0,inf,1169673,6325,0.54,Europe
Luxembourg,280088,1108,0,278980,571,1,0,0.4,0.0,inf,276134,3954,1.43,Europe
Madagascar,66416,1407,0,65009,0,0,0,2.12,0.0,inf,66289,127,0.19,Africa
Malawi,87250,2660,0,84590,12,2,0,3.05,0.0,inf,86968,282,0.32,Africa
Malaysia,4654951,35923,0,4619028,3300,9,0,0.77,0.0,inf,4626061,28890,0.62,Western Pacific
Maldives,184302,307,0,183995,394,0,0,0.17,0.0,inf,183908,394,0.21,South-East Asia
Mali,31216,737,0,30479,0,0,0,2.36,0.0,inf,31203,13,0.04,Africa
Malta,112295,786,0,111509,78,1,0,0.7,0.0,inf,111149,1146,1.03,Europe
Marshall Islands,59,0,0,59,0,0,0,0.0,0.0,0.0,49,10,20.41,Western Pacific
Martinique (FR),208003,986,0,207017,0,0,0,0.47,0.0,inf,205261,2742,1.34,Americas
Mauritania,62350,990,0,61360,37,0,0,1.59,0.0,inf,61970,380,0.61,Africa
Mauritius,241165,1009,0,240156,4514,0,0,0.42,0.0,inf,236651,4514,1.91,Africa
Mayotte (FR),38653,187,0,38466,0,0,0,0.48,0.0,inf,38139,514,1.35,Africa
Mexico,6628541,327109,0,6301432,4231,20,0,4.93,0.0,inf,6448477,180064,2.79,Americas
Micronesia,1261,1,0,1260,249,1,0,0.08,0.0,inf,38,1223,3218.42,Western Pacific
Moldova,526394,11592,0,514802,0,0,0,2.2,0.0,inf,523034,3360,0.64,Europe
Monaco,13964,61,0,13903,0,0,0,0.44,0.0,inf,13779,185,1.34,Europe
Mongolia,937971,2119,0,935852,3614,0,0,0.23,0.0,inf,930677,7294,0.78,Western Pacific
Montenegro,253365,2739,0,250626,638,1,0,1.08,0.0,inf,247609,5756,2.32,Europe
Montserrat (UK),1040,8,0,1032,0,0,0,0.77,0.0,inf,1025,15,1.46,Americas
Morocco,1258018,16215,0,1241803,254,2,0,1.29,0.0,inf,1251766,6252,0.5,Eastern Mediterranean
Mozambique,229387,2215,0,227172,12,0,0,0.97,0.0,inf,229077,310,0.14,Africa
Namibia,169253,4069,0,165184,0,0,0,2.4,0.0,inf,169253,0,0.0,Africa
Nepal,984075,11957,0,972118,453,3,0,1.22,0.0,inf,981794,2281,0.23,South-East Asia
Netherlands,8315724,22465,0,8293259,9928,9,0,0.27,0.0,inf,8287160,28564,0.34,Europe
New Zealand,1576649,1942,0,1574707,0,0,0,0.12,0.0,inf,1525321,51328,3.37,Western Pacific
Nicaragua,14777,244,0,14533,0,0,0,1.65,0.0,inf,14751,26,0.18,Americas
Niger,9104,311,0,8793,0,0,0,3.42,0.0,inf,9096,8,0.09,Africa
Nigeria,260339,3147,0,257192,0,0,0,1.21,0.0,inf,259007,1332,0.51,Africa
North Macedonia,323425,9359,0,314066,1260,6,0,2.89,0.0,inf,319037,4388,1.38,Europe
Norway,1454675,3596,0,1451079,252,0,0,0.25,0.0,inf,1453071,1604,0.11,Europe
Oman,393002,4628,0,388374,0,0,0,1.18,0.0,inf,393002,0,0.0,Eastern Mediterranean
Pakistan,1551251,30470,0,1520781,371,1,0,1.96,0.0,inf,1547203,4048,0.26,Eastern Mediterranean
Palau,5308,6,0,5302,0,0,0,0.11,0.0,inf,5308,0,0.0,Western Pacific
Panama,942083,8395,0,933688,0,0,0,0.89,0.0,inf,942083,0,0.0,Americas
Papua New Guinea,44772,662,0,44110,0,0,0,1.48,0.0,inf,44761,11,0.02,Western Pacific
Paraguay,701060,19147,0,681913,0,0,0,2.73,0.0,inf,688820,12240,1.78,Americas
Peru,3845093,214071,0,3631022,5994,43,0,5.57,0.0,inf,3761445,83648,2.22,Americas
Philippines,3755403,60694,0,3694709,2869,11,0,1.62,0.0,inf,3735383,20020,0.54,Western Pacific
Poland,6049640,116510,0,5933130,588,0,0,1.93,0.0,inf,6032794,16846,0.28,Europe
Portugal,5323725,24555,0,5299170,6721,27,0,0.46,0.0,inf,5294315,29410,0.56,Europe
Qatar,403444,680,0,402764,1114,0,0,0.17,0.0,inf,396344,7100,1.79,Eastern Mediterranean
Reunion (FR),429237,825,0,428412,0,0,0,0.19,0.0,inf,429237,0,0.0,Africa
Romania,3011711,65862,0,2945849,4955,5,0,2.19,0.0,inf,2967222,44489,1.5,Europe
Russia,18268570,374444,0,17894126,6482,33,0,2.05,0.0,inf,18225102,43468,0.24,Europe
Rwanda,132121,1466,0,130655,64,0,0,1.11,0.0,inf,131906,215,0.16,Africa
Saint Kitts and Nevis,6430,46,0,6384,8,0,0,0.72,0.0,inf,6383,47,0.74,Americas
Saint Lucia,27755,385,0,27370,101,0,0,1.39,0.0,inf,27464,291,1.06,Americas
Saint Pierre and Miquelon (FR),3026,1,0,3025,0,0,0,0.03,0.0,inf,2970,56,1.89,Americas
Saint Vincent and the Grenadines,9282,115,0,9167,0,0,0,1.24,0.0,inf,9183,99,1.08,Americas
Samoa,15318,29,0,15289,0,0,0,0.19,0.0,inf,15178,140,0.92,Western Pacific
San Marino,19619,118,0,19501,87,1,0,0.6,0.0,inf,19253,366,1.9,Europe
Sao Tome and Principe,6087,74,0,6013,0,0,0,1.22,0.0,inf,6087,0,0.0,Africa
Saudi Arabia,808053,9240,0,798813,462,1,0,1.14,0.0,inf,804570,3483,0.43,Eastern Mediterranean
Senegal,87118,1968,0,85150,47,0,0,2.26,0.0,inf,86791,327,0.38,Africa
Serbia,2088966,16223,0,2072743,5105,8,0,0.78,0.0,inf,2059982,28984,1.41,Europe
Seychelles,45429,168,0,45261,160,0,0,0.37,0.0,inf,45233,196,0.43,Africa
Sierra Leone,7729,125,0,7604,0,0,0,1.62,0.0,inf,7722,7,0.09,Africa
Singapore,1664707,1483,0,1663224,5551,7,0,0.09,0.0,inf,1602273,62434,3.9,Western Pacific
Sint Maarten (NL),10708,87,0,10621,0,0,0,0.81,0.0,inf,10656,52,0.49,Americas
Slovakia,2573084,20198,0,2552886,292,1,0,0.78,0.0,inf,2564633,8451,0.33,Europe
Slovenia,1072182,6686,0,1065496,609,5,0,0.62,0.0,inf,1060808,11374,1.07,Europe
Solomon Islands,21544,153,0,21391,0,0,0,0.71,0.0,inf,21544,0,0.0,Western Pacific
Somalia,26957,1361,0,25596,45,0,0,5.05,0.0,inf,26912,45,0.17,Eastern Mediterranean
South Africa,4002981,101955,0,3901026,848,12,0,2.55,0.0,inf,3999751,3230,0.08,Africa
South Korea,19346764,24907,0,19321857,99268,17,0,0.13,0.0,inf,18861593,485171,2.57,Western Pacific
South Sudan,17733,138,0,17595,0,0,0,0.78,0.0,inf,17733,0,0.0,Africa
Spain,13204863,110187,0,13094676,0,0,0,0.83,0.0,inf,13090476,114387,0.87,Europe
Sri Lanka,664975,16539,0,648436,75,2,0,2.49,0.0,inf,664510,465,0.07,South-East Asia
Sudan,62914,4955,0,57959,0,0,0,7.88,0.0,inf,62872,42,0.07,Eastern Mediterranean
Summer Olympics 2020,865,0,0,865,0,0,0,0.0,0.0,0.0,865,0,0.0,
Suriname,80949,1379,0,79570,0,0,0,1.7,0.0,inf,80919,30,0.04,Americas
Sweden,2533978,19249,0,2514729,0,0,0,0.76,0.0,inf,2528166,5812,0.23,Europe
Switzerland,3911515,13877,0,3897638,0,1,0,0.35,0.0,inf,3861756,49759,1.29,Europe
Syria,56156,3150,0,53006,89,0,0,5.61,0.0,inf,56005,151,0.27,Eastern Mediterranean
Taiwan*,4447707,8649,0,4439058,17124,53,0,0.19,0.0,inf,4282777,164930,3.85,Western Pacific
Tajikistan,17786,125,0,17661,0,0,0,0.7,0.0,inf,17786,0,0.0,Europe
Tanzania,37510,841,0,36669,0,0,0,2.24,0.0,inf,37510,0,0.0,Africa
Thailand,4577593,31189,0,4546404,0,0,0,0.68,0.0,inf,4562968,14625,0.32,South-East Asia
Timor-Leste,22986,133,0,22853,1,0,0,0.58,0.0,inf,22978,8,0.03,South-East Asia
Togo,37973,277,0,37696,8,0,0,0.73,0.0,inf,37821,152,0.4,Africa
Tonga,12515,12,0,12503,0,0,0,0.1,0.0,inf,12439,76,0.61,Western Pacific
Trinidad and Tobago,170100,4045,0,166055,37,3,0,2.38,0.0,inf,169227,873,0.52,Americas
Tunisia,1114370,28942,0,1085428,0,0,0,2.6,0.0,inf,1087030,27340,2.52,Eastern Mediterranean
Turkey,15524071,99184,0,15424887,0,0,0,0.64,0.0,inf,15297539,226532,1.48,Europe
Turks and Caicos Islands (UK),6279,36,0,6243,0,0,0,0.57,0.0,inf,6255,24,0.38,Americas
US,90567290,1027369,0,89539921,156904,418,0,1.13,0.0,inf,89712243,855047,0.95,Americas
Uganda,169015,3628,0,165387,37,0,0,2.15,0.0,inf,168776,239,0.14,Africa
Ukraine,5291868,116444,0,5175424,89,1,0,2.2,0.0,inf,5289923,1945,0.04,Europe
United Arab Emirates,984267,2332,0,981935,1298,0,0,0.24,0.0,inf,974802,9465,0.97,Eastern Mediterranean
United Kingdom,23354233,183165,0,23171068,0,0,0,0.78,0.0,inf,23214717,139516,0.6,Europe
Uruguay,967808,7387,0,960421,0,0,0,0.76,0.0,inf,965370,2438,0.25,Americas
Uzbekistan,242747,1637,0,241110,56,0,0,0.67,0.0,inf,242305,442,0.18,Europe
Vanuatu,11723,14,0,11709,0,0,0,0.12,0.0,inf,11730,-7,-0.06,Western Pacific
Venezuela,533195,5757,0,527438,293,0,0,1.08,0.0,inf,530649,2546,0.48,Americas
Vietnam,10768844,43092,0,10725752,896,0,0,0.4,0.0,inf,10761435,7409,0.07,Western Pacific
West Bank and Gaza,672039,5664,0,666375,0,0,0,0.84,0.0,inf,669542,2497,0.37,Eastern Mediterranean
Winter Olympics 2022,535,0,0,535,0,0,0,0.0,0.0,0.0,535,0,0.0,
Yemen,11849,2149,0,9700,0,0,0,18.14,0.0,inf,11848,1,0.01,Eastern Mediterranean
Zambia,329483,4015,0,325468,933,2,0,1.22,0.0,inf,327994,1489,0.45,Africa
Zimbabwe,256270,5572,0,250698,16,0,0,2.17,0.0,inf,256083,187,0.07,Africa
