Country,Confirmed,Deaths,Recovered,Active,New cases,New deaths,New recovered,Deaths / 100 Cases,Recovered / 100 Cases,Deaths / 100 Recovered,Confirmed last week,1 week change,1 week % increase,WHO Region
Afghanistan,187966,7753,0,180213,281,0,0,4.12,0.0,inf,186120,1846,0.99,Eastern Mediterranean
Albania,318638,3566,0,315072,957,0,0,1.12,0.0,inf,313582,5056,1.61,Europe
Algeria,268478,6878,0,261600,122,0,0,2.56,0.0,inf,267657,821,0.31,Africa
Andorra,45793,154,0,45639,0,0,0,0.34,0.0,inf,45508,285,0.63,Europe
Angola,102636,1917,0,100719,0,0,0,1.87,0.0,inf,102301,335,0.33,Africa
Anguilla (UK),3620,10,0,3610,0,0,0,0.28,0.0,inf,3580,40,1.12,Americas
Antarctica,11,0,0,11,0,0,0,0.0,0.0,0.0,11,0,0.0,
Antigua and Barbuda,8809,144,0,8665,0,0,0,1.63,0.0,inf,8773,36,0.41,Americas
Argentina,9602534,129440,0,9473094,0,0,0,1.35,0.0,inf,9560307,42227,0.44,Americas
Armenia,428648,8637,0,420011,0,0,0,2.01,0.0,inf,426799,1849,0.43,Europe
Aruba (NL),42406,226,0,42180,0,0,0,0.53,0.0,inf,42217,189,0.45,Americas
Australia,9709717,12560,0,9697157,25024,121,0,0.13,0.0,inf,9517224,192493,2.02,Western Pacific
Austria,4842843,20441,0,4822402,3961,6,0,0.42,0.0,inf,4799326,43517,0.91,Europe
Azerbaijan,802060,9761,0,792299,0,0,0,1.22,0.0,inf,799471,2589,0.32,Europe
Bahamas,36853,822,0,36031,3,0,0,2.23,0.0,inf,36730,123,0.33,Americas
Bahrain,663763,1512,0,662251,506,0,0,0.23,0.0,inf,660640,3123,0.47,Eastern Mediterranean
Bangladesh,2007870,29308,0,1978562,239,1,0,1.46,0.0,inf,2005993,1877,0.09,South-East Asia
Barbados,95876,505,0,95371,913,4,0,0.53,0.0,inf,92516,3360,3.63,Americas
Belarus,994037,7118,0,986919,0,0,0,0.72,0.0,inf,994037,0,0.0,Europe
Belgium,4444819,32329,0,4412490,0,0,0,0.73,0.0,inf,4425201,19618,0.44,Europe
Belize,67522,680,0,66842,0,0,0,1.01,0.0,inf,67111,411,0.61,Americas
Benin,27316,163,0,27153,0,0,0,0.6,0.0,inf,27316,0,0.0,Africa
Bhutan,60663,21,0,60642,0,0,0,0.03,0.0,inf,60530,133,0.22,South-East Asia
Bolivia,1070521,22110,0,1048411,3183,8,0,2.07,0.0,inf,1047198,23323,2.23,Americas
Bosnia and Herzegovina,389308,15930,0,373378,678,7,0,4.09,0.0,inf,386012,3296,0.85,Europe
Botswana,325724,2772,0,322952,0,0,0,0.85,0.0,inf,325470,254,0.08,Africa
Brazil,34066000,680531,0,33385469,30220,365,0,2.0,0.0,inf,33890428,175572,0.52,Americas
British Virgin Islands (UK),7131,63,0,7068,0,0,0,0.88,0.0,inf,7131,0,0.0,Americas
Brunei,215283,225,0,215058,4126,0,0,0.1,0.0,inf,210417,4866,2.31,Western Pacific
Bulgaria,1221519,37460,0,1184059,1636,9,0,3.07,0.0,inf,1211728,9791,0.81,Europe
Burkina Faso,21128,387,0,20741,0,0,0,1.83,0.0,inf,21128,0,0.0,Africa
Burma,614240,19434,0,594806,27,0,0,3.16,0.0,inf,614128,112,0.02,South-East Asia
Burundi,47247,38,0,47209,0,0,0,0.08,0.0,inf,46151,1096,2.37,Africa
Cabo Verde,62221,410,0,61811,7,0,0,0.66,0.0,inf,62172,49,0.08,Africa
Cambodia,137081,3056,0,134025,25,0,0,2.23,0.0,inf,136868,213,0.16,Western Pacific
Cameroon,120215,1931,0,118284,0,0,0,1.61,0.0,inf,120215,0,0.0,Africa
Canada,4120572,43187,0,4077385,2021,25,0,1.05,0.0,inf,4099361,21211,0.52,Americas
Cayman Islands (UK),29419,29,0,29390,0,0,0,0.1,0.0,inf,29109,310,1.06,Americas
Central African Republic,14781,113,0,14668,0,0,0,0.76,0.0,inf,14772,9,0.06,Africa
Chad,7442,193,0,7249,0,0,0,2.59,0.0,inf,7437,5,0.07,Africa
Chile,4320173,59840,0,4260333,5714,5,0,1.39,0.0,inf,4253056,67117,1.58,Americas
China,2304661,14782,0,2289879,4195,3,0,0.64,0.0,inf,2270011,34650,1.53,Western Pacific
Colombia,6278998,141075,0,6137923,0,0,0,2.25,0.0,inf,6265798,13200,0.21,Americas
Comoros,8351,160,0,8191,0,0,0,1.92,0.0,inf,8329,22,0.26,Africa
Congo (Brazzaville),24775,386,0,24389,0,0,0,1.56,0.0,inf,24775,0,0.0,Africa
Congo (Kinshasa),92456,1391,0,91065,0,0,0,1.5,0.0,inf,92173,283,0.31,Africa
Costa Rica,1057695,8774,0,1048921,13310,20,0,0.83,0.0,inf,1044385,13310,1.27,Americas
Cote d'Ivoire,85794,811,0,84983,14,0,0,0.95,0.0,inf,85444,350,0.41,Africa
Croatia,1194349,16434,0,1177915,987,14,0,1.38,0.0,inf,1187825,6524,0.55,Europe
Cuba,1108982,8529,0,1100453,87,0,0,0.77,0.0,inf,1108261,721,0.07,Americas
Curacao (NL),45127,282,0,44845,0,0,0,0.62,0.0,inf,45127,0,0.0,Americas
Cyprus,568383,1143,0,567240,0,0,0,0.2,0.0,inf,562911,5472,0.97,Europe
Czechia,4002616,40587,0,3962029,0,0,0,1.01,0.0,inf,3991594,11022,0.28,Europe
Denmark,3245898,6758,0,3239140,1933,7,0,0.21,0.0,inf,3235576,10322,0.32,Europe
Djibouti,15690,189,0,15501,0,0,0,1.2,0.0,inf,15690,0,0.0,Eastern Mediterranean
Dominica,14852,68,0,14784,0,0,0,0.46,0.0,inf,14852,0,0.0,Americas
Dominican Republic,632655,4384,0,628271,0,0,0,0.69,0.0,inf,629643,3012,0.48,Americas
Ecuador,975234,35811,0,939423,0,0,0,3.67,0.0,inf,963668,11566,1.2,Americas
Egypt,515645,24781,0,490864,0,0,0,4.81,0.0,inf,515645,0,0.0,Eastern Mediterranean
El Salvador,190818,4216,0,186602,0,2,0,2.21,0.0,inf,190818,0,0.0,Americas
Equatorial Guinea,16789,183,0,16606,4,0,0,1.09,0.0,inf,16741,48,0.29,Africa
Eritrea,10126,103,0,10023,2,0,0,1.02,0.0,inf,10074,52,0.52,Africa
Estonia,593571,2634,0,590937,2194,6,0,0.44,0.0,inf,591377,2194,0.37,Europe
Eswatini,73311,1419,0,71892,4,0,0,1.94,0.0,inf,73284,27,0.04,Africa
Ethiopia,492590,7569,0,485021,41,0,0,1.54,0.0,inf,492316,274,0.06,Africa
Falkland Islands (Malvinas) (UK),1847,0,0,1847,0,0,0,0.0,0.0,0.0,1839,8,0.44,Africa
Faroe Islands (DK),34658,28,0,34630,0,0,0,0.08,0.0,inf,34658,0,0.0,Europe
Fiji,67869,874,0,66995,0,0,0,1.29,0.0,inf,67673,196,0.29,Western Pacific
Finland,1218216,5251,0,1212965,0,0,0,0.43,0.0,inf,1171034,47182,4.03,Europe
France,33281304,149810,0,33131494,38969,111,0,0.45,0.0,inf,33090411,190893,0.58,Europe
French Guiana,92989,407,0,92582,414,0,0,0.44,0.0,inf,92575,414,0.45,Americas
French Polynesia,75958,649,0,75309,0,0,0,0.85,0.0,inf,75440,518,0.69,Western Pacific
Gabon,48592,306,0,48286,81,0,0,0.63,0.0,inf,48511,81,0.17,Africa
Gambia,12197,368,0,11829,0,0,0,3.02,0.0,inf,12115,82,0.68,Africa
Georgia,1698020,16869,0,1681151,0,0,0,0.99,0.0,inf,1686218,11802,0.7,Europe
Germany,31379757,145241,0,31234516,72737,213,0,0.46,0.0,inf,31044554,335203,1.08,Europe
Ghana,168350,1458,0,166892,0,0,0,0.87,0.0,inf,168127,223,0.13,Africa
Gibraltar (UK),19999,106,0,19893,0,0,0,0.53,0.0,inf,19938,61,0.31,Europe
Greece,4577675,31722,0,4545953,103059,345,0,0.69,0.0,inf,4474616,103059,2.3,Europe
Greenland (DK),11971,21,0,11950,0,0,0,0.18,0.0,inf,11971,0,0.0,Europe
Grenada,18845,234,0,18611,0,0,0,1.24,0.0,inf,18786,59,0.31,Americas
Guadeloupe (FR),186380,971,0,185409,0,0,0,0.52,0.0,inf,186380,0,0.0,Americas
Guatemala,1060714,19140,0,1041574,3020,10,0,1.8,0.0,inf,1044915,15799,1.51,Americas
Guinea,37429,445,0,36984,0,0,0,1.19,0.0,inf,37408,21,0.06,Africa
Guinea-Bissau,8452,174,0,8278,0,0,0,2.06,0.0,inf,8440,12,0.14,Africa
Guyana,70222,1272,0,68950,63,0,0,1.81,0.0,inf,69846,376,0.54,Americas
Haiti,32577,838,0,31739,113,0,0,2.57,0.0,inf,32272,305,0.95,Americas
Holy See,29,0,0,29,0,0,0,0.0,0.0,0.0,29,0,0.0,Europe
Honduras,445271,10945,0,434326,0,0,0,2.46,0.0,inf,442319,2952,0.67,Americas
Hungary,1987321,46886,0,1940435,0,0,0,2.36,0.0,inf,1965481,21840,1.11,Europe
Iceland,203162,179,0,202983,331,0,0,0.09,0.0,inf,202502,660,0.33,Europe
India,44190697,526826,0,43663871,16047,54,0,1.19,0.0,inf,44067144,123553,0.28,South-East Asia
Indonesia,6255679,157131,0,6098548,6276,18,0,2.51,0.0,inf,6216621,39058,0.63,South-East Asia
Iran,7446144,142564,0,7303580,2343,49,0,1.91,0.0,inf,7410075,36069,0.49,Eastern Mediterranean
Iraq,2451178,25326,0,2425852,0,0,0,1.03,0.0,inf,2447232,3946,0.16,Eastern Mediterranean
Ireland,1647605,7700,0,1639905,0,0,0,0.47,0.0,inf,1644166,3439,0.21,Europe
Israel,4606734,11470,0,4595264,3413,21,0,0.25,0.0,inf,4589285,17449,0.38,Europe
Italy,21368480,173426,0,21195054,43078,177,0,0.81,0.0,inf,21124644,243836,1.15,Europe
Jamaica,147344,3207,0,144137,28,0,0,2.18,0.0,inf,146541,803,0.55,Americas
Japan,14635748,34122,0,14601626,212433,278,0,0.23,0.0,inf,13129678,1506070,11.47,Western Pacific
Jordan,1720778,14090,0,1706688,0,0,0,0.82,0.0,inf,1715296,5482,0.32,Eastern Mediterranean
Kazakhstan,1459033,19028,0,1440005,1129,2,0,1.3,0.0,inf,1444167,14866,1.03,Europe
Kenya,337884,5672,0,332212,10,0,0,1.68,0.0,inf,337689,195,0.06,Africa
Kiribati,3430,13,0,3417,0,0,0,0.38,0.0,inf,3430,0,0.0,Western Pacific
"Korea, North",1,6,0,-5,0,0,0,600.0,0.0,inf,1,0,0.0,
Kosovo,262587,3180,0,259407,952,2,0,1.21,0.0,inf,255773,6814,2.66,Europe
Kuwait,655854,2562,0,653292,0,0,0,0.39,0.0,inf,653730,2124,0.32,Eastern Mediterranean
Kyrgyzstan,204671,2991,0,201680,0,0,0,1.46,0.0,inf,203776,895,0.44,Europe
Laos,211942,757,0,211185,100,0,0,0.36,0.0,inf,211375,567,0.27,Western Pacific
Latvia,875821,5905,0,869916,1731,4,0,0.67,0.0,inf,866034,9787,1.13,Europe
Lebanon,1189500,10553,0,1178947,1032,3,0,0.89,0.0,inf,1176838,12662,1.08,Eastern Mediterranean
Lesotho,34206,704,0,33502,0,0,0,2.06,0.0,inf,34040,166,0.49,Africa
Liberia,7548,294,0,7254,0,0,0,3.9,0.0,inf,7538,10,0.13,Africa
Libya,505805,6433,0,499372,100,0,0,1.27,0.0,inf,504997,808,0.16,Eastern Mediterranean
Liechtenstein,18853,86,0,18767,26,0,0,0.46,0.0,inf,18756,97,0.52,Europe
Lithuania,1193955,9226,0,1184729,1959,3,0,0.77,0.0,inf,1185583,8372,0.71,Europe
Luxembourg,284931,1117,0,283814,0,0,0,0.39,0.0,inf,282929,2002,0.71,Europe
Madagascar,66557,1409,0,65148,0,0,0,2.12,0.0,inf,66491,66,0.1,Africa
Malawi,87637,2671,0,84966,7,1,0,3.05,0.0,inf,87476,161,0.18,Africa
Malaysia,4714498,36044,0,4678454,3083,12,0,0.76,0.0,inf,4687470,27028,0.58,Western Pacific
Maldives,184591,307,0,184284,0,0,0,0.17,0.0,inf,184485,106,0.06,South-East Asia
Mali,31237,739,0,30498,0,0,0,2.37,0.0,inf,31230,7,0.02,Africa
Malta,113335,796,0,112539,47,1,0,0.7,0.0,inf,112973,362,0.32,Europe
Marshall Islands,125,1,0,124,55,1,0,0.8,0.0,inf,66,59,89.39,Western Pacific
Martinique (FR),211572,998,0,210574,0,0,0,0.47,0.0,inf,211572,0,0.0,Americas
Mauritania,62675,992,0,61683,9,0,0,1.58,0.0,inf,62592,83,0.13,Africa
Mauritius,248720,1015,0,247705,0,0,0,0.41,0.0,inf,244850,3870,1.58,Africa
Mayotte (FR),39663,187,0,39476,0,0,0,0.47,0.0,inf,38959,704,1.81,Africa
Mexico,6875708,328437,0,6547271,15738,95,0,4.78,0.0,inf,6782980,92728,1.37,Americas
Micronesia,6850,16,0,6834,0,0,0,0.23,0.0,inf,5444,1406,25.83,Western Pacific
Moldova,541715,11630,0,530085,0,0,0,2.15,0.0,inf,532187,9528,1.79,Europe
Monaco,14218,61,0,14157,20,0,0,0.43,0.0,inf,14129,89,0.63,Europe
Mongolia,962494,2123,0,960371,1323,0,0,0.22,0.0,inf,948421,14073,1.48,Western Pacific
Montenegro,266422,2756,0,263666,767,1,0,1.03,0.0,inf,261025,5397,2.07,Europe
Montserrat (UK),1077,8,0,1069,0,0,0,0.74,0.0,inf,1054,23,2.18,Americas
Morocco,1262887,16260,0,1246627,191,1,0,1.29,0.0,inf,1261499,1388,0.11,Eastern Mediterranean
Mozambique,229777,2216,0,227561,18,0,0,0.96,0.0,inf,229623,154,0.07,Africa
Namibia,169253,4072,0,165181,0,0,0,2.41,0.0,inf,169253,0,0.0,Africa
Nepal,991185,11974,0,979211,560,2,0,1.21,0.0,inf,987737,3448,0.35,South-East Asia
Netherlands,8356689,22532,0,8334157,2162,4,0,0.27,0.0,inf,8341827,14862,0.18,Europe
New Zealand,1678057,1706,0,1676351,5389,17,0,0.1,0.0,inf,1642101,35956,2.19,Western Pacific
Nicaragua,14807,244,0,14563,0,0,0,1.65,0.0,inf,14807,0,0.0,Americas
Niger,9125,311,0,8814,0,0,0,3.41,0.0,inf,9114,11,0.12,Africa
Nigeria,261885,3147,0,258738,0,0,0,1.2,0.0,inf,261473,412,0.16,Africa
North Macedonia,332667,9398,0,323269,679,0,0,2.83,0.0,inf,328995,3672,1.12,Europe
Norway,1457385,3834,0,1453551,198,211,0,0.26,0.0,inf,1456268,1117,0.08,Europe
Oman,397231,4628,0,392603,509,0,0,1.17,0.0,inf,395737,1494,0.38,Eastern Mediterranean
Pakistan,1560602,30508,0,1530094,352,0,0,1.95,0.0,inf,1556445,4157,0.27,Eastern Mediterranean
Palau,5308,6,0,5302,0,0,0,0.11,0.0,inf,5308,0,0.0,Western Pacific
Panama,960300,8434,0,951866,0,0,0,0.88,0.0,inf,954369,5931,0.62,Americas
Papua New Guinea,44800,663,0,44137,0,0,0,1.48,0.0,inf,44797,3,0.01,Western Pacific
Paraguay,710890,19289,0,691601,0,0,0,2.71,0.0,inf,707109,3781,0.53,Americas
Peru,3980850,214739,0,3766111,10514,45,0,5.39,0.0,inf,3923744,57106,1.46,Americas
Philippines,3810772,60864,0,3749908,2616,27,0,1.6,0.0,inf,3782822,27950,0.74,Western Pacific
Poland,6100827,116686,0,5984141,5959,26,0,1.91,0.0,inf,6075927,24900,0.41,Europe
Portugal,5367395,24707,0,5342688,7771,37,0,0.46,0.0,inf,5349218,18177,0.34,Europe
Qatar,415876,681,0,415195,747,0,0,0.16,0.0,inf,410568,5308,1.29,Eastern Mediterranean
Reunion (FR),440747,839,0,439908,0,0,0,0.19,0.0,inf,434924,5823,1.34,Africa
Romania,3130545,66236,0,3064309,9864,43,0,2.12,0.0,inf,3080545,50000,1.62,Europe
Russia,18473940,375085,0,18098855,16048,58,0,2.03,0.0,inf,18350864,123076,0.67,Europe
Rwanda,132326,1466,0,130860,0,0,0,1.11,0.0,inf,132267,59,0.04,Africa
Saint Kitts and Nevis,6477,46,0,6431,0,0,0,0.71,0.0,inf,6464,13,0.2,Americas
Saint Lucia,28233,387,0,27846,72,0,0,1.37,0.0,inf,27966,267,0.95,Americas
Saint Pierre and Miquelon (FR),3112,1,0,3111,0,0,0,0.03,0.0,inf,3083,29,0.94,Americas
Saint Vincent and the Grenadines,9396,115,0,9281,6,0,0,1.22,0.0,inf,9370,26,0.28,Americas
Samoa,15405,29,0,15376,0,0,0,0.19,0.0,inf,15405,0,0.0,Western Pacific
San Marino,20074,118,0,19956,32,0,0,0.59,0.0,inf,19942,132,0.66,Europe
Sao Tome and Principe,6120,76,0,6044,5,1,0,1.24,0.0,inf,6115,5,0.08,Africa
Saudi Arabia,811362,9263,0,802099,145,2,0,1.14,0.0,inf,810187,1175,0.15,Eastern Mediterranean
Senegal,87641,1968,0,85673,0,0,0,2.25,0.0,inf,87445,196,0.22,Africa
Serbia,2178198,16380,0,2161818,7265,10,0,0.75,0.0,inf,2135952,42246,1.98,Europe
Seychelles,45692,168,0,45524,0,0,0,0.37,0.0,inf,45540,152,0.33,Africa
Sierra Leone,7740,125,0,7615,2,0,0,1.61,0.0,inf,7734,6,0.08,Africa
Singapore,1771081,1542,0,1769539,7965,1,0,0.09,0.0,inf,1728995,42086,2.43,Western Pacific
Sint Maarten (NL),10791,87,0,10704,26,0,0,0.81,0.0,inf,10765,26,0.24,Americas
Slovakia,2580748,20236,0,2560512,0,0,0,0.78,0.0,inf,2582793,-2045,-0.08,Europe
Slovenia,1096506,6732,0,1089774,2402,6,0,0.61,0.0,inf,1086337,10169,0.94,Europe
Solomon Islands,21544,153,0,21391,0,0,0,0.71,0.0,inf,21544,0,0.0,Western Pacific
Somalia,27020,1361,0,25659,0,0,0,5.04,0.0,inf,27020,0,0.0,Eastern Mediterranean
South Africa,4004555,101982,0,3902573,0,0,0,2.55,0.0,inf,4004555,0,0.0,Africa
South Korea,20845973,25382,0,20820591,151734,50,0,0.12,0.0,inf,20052305,793668,3.96,Western Pacific
South Sudan,17780,138,0,17642,0,0,0,0.78,0.0,inf,17780,0,0.0,Africa
Spain,13280557,111339,0,13169218,14373,245,0,0.84,0.0,inf,13245996,34561,0.26,Europe
Sri Lanka,667158,16594,0,650564,214,6,0,2.49,0.0,inf,665964,1194,0.18,South-East Asia
Sudan,63128,4960,0,58168,0,0,0,7.86,0.0,inf,63074,54,0.09,Eastern Mediterranean
Summer Olympics 2020,865,0,0,865,0,0,0,0.0,0.0,0.0,865,0,0.0,
Suriname,80988,1380,0,79608,6,0,0,1.7,0.0,inf,80982,6,0.01,Americas
Sweden,2545671,19433,0,2526238,0,0,0,0.76,0.0,inf,2539715,5956,0.23,Europe
Switzerland,3994397,13925,0,3980472,21775,5,0,0.35,0.0,inf,3972622,21775,0.55,Europe
Syria,56604,3155,0,53449,40,2,0,5.57,0.0,inf,56386,218,0.39,Eastern Mediterranean
Taiwan*,4777903,9273,0,4768630,23635,18,0,0.19,0.0,inf,4628294,149609,3.23,Western Pacific
Tajikistan,17786,125,0,17661,0,0,0,0.7,0.0,inf,17786,0,0.0,Europe
Tanzania,37865,841,0,37024,0,0,0,2.22,0.0,inf,37510,355,0.95,Africa
Thailand,4611741,31695,0,4580046,2335,32,0,0.69,0.0,inf,4596559,15182,0.33,South-East Asia
Timor-Leste,23055,134,0,22921,13,0,0,0.58,0.0,inf,23019,36,0.16,South-East Asia
Togo,38211,281,0,37930,10,0,0,0.74,0.0,inf,38104,107,0.28,Africa
Tonga,12836,12,0,12824,0,0,0,0.09,0.0,inf,12554,282,2.25,Western Pacific
Trinidad and Tobago,173535,4070,0,169465,327,0,0,2.35,0.0,inf,171590,1945,1.13,Americas
Tunisia,1134660,29105,0,1105555,0,0,0,2.57,0.0,inf,1128693,5967,0.53,Eastern Mediterranean
Turkey,16295817,99678,0,16196139,0,0,0,0.61,0.0,inf,15889495,406322,2.56,Europe
Turks and Caicos Islands (UK),6328,36,0,6292,0,0,0,0.57,0.0,inf,6303,25,0.4,Americas
US,92341611,1034621,0,91306990,100412,601,0,1.12,0.0,inf,91600765,740846,0.81,Americas
Uganda,169396,3628,0,165768,0,0,0,2.14,0.0,inf,169340,56,0.03,Africa
Ukraine,5299442,116488,0,5182954,277,2,0,2.2,0.0,inf,5294949,4493,0.08,Europe
United Arab Emirates,1000556,2337,0,998219,919,0,0,0.23,0.0,inf,993684,6872,0.69,Eastern Mediterranean
United Kingdom,23512578,185509,0,23327069,0,0,0,0.79,0.0,inf,23447295,65283,0.28,Europe
Uruguay,973420,7423,0,965997,1692,8,0,0.76,0.0,inf,971728,1692,0.17,Americas
Uzbekistan,243388,1637,0,241751,28,0,0,0.67,0.0,inf,243162,226,0.09,Europe
Vanuatu,11731,14,0,11717,0,0,0,0.12,0.0,inf,11730,1,0.01,Western Pacific
Venezuela,538631,5768,0,532863,0,0,0,1.07,0.0,inf,536086,2545,0.47,Americas
Vietnam,11351563,43094,0,11308469,2340,0,0,0.38,0.0,inf,10783026,568537,5.27,Western Pacific
West Bank and Gaza,697447,5691,0,691756,0,0,0,0.82,0.0,inf,691065,6382,0.92,Eastern Mediterranean
Winter Olympics 2022,535,0,0,535,0,0,0,0.0,0.0,0.0,535,0,0.0,
Yemen,11903,2152,0,9751,0,0,0,18.08,0.0,inf,11877,26,0.22,Eastern Mediterranean
Zambia,331568,4016,0,327552,210,0,0,1.21,0.0,inf,330575,993,0.3,Africa
Zimbabwe,256490,5586,0,250904,3,2,0,2.18,0.0,inf,256403,87,0.03,Africa
