Country,Confirmed,Deaths,Recovered,Active,New cases,New deaths,New recovered,Deaths / 100 Cases,Recovered / 100 Cases,Deaths / 100 Recovered,Confirmed last week,1 week change,1 week % increase,WHO Region
Afghanistan,160692,7401,0,153291,440,4,0,4.61,0.0,inf,159070,1622,1.02,Eastern Mediterranean
Albania,251015,3317,0,247698,2156,5,0,1.32,0.0,inf,239129,11886,4.97,Europe
Algeria,243568,6526,0,237042,2162,10,0,2.68,0.0,inf,228918,14650,6.4,Africa
Andorra,35028,145,0,34883,327,0,0,0.41,0.0,inf,29888,5140,17.2,Europe
Angola,97812,1892,0,95920,218,1,0,1.93,0.0,inf,94779,3033,3.2,Africa
Anguilla (UK),2270,7,0,2263,0,0,0,0.31,0.0,inf,2187,83,3.8,Americas
Antigua and Barbuda,6442,126,0,6316,419,4,0,1.96,0.0,inf,5741,701,12.21,Americas
Argentina,8130023,120019,0,8010004,88503,316,0,1.48,0.0,inf,7446626,683397,9.18,Americas
Armenia,355662,8033,0,347629,1931,1,0,2.26,0.0,inf,348708,6954,1.99,Europe
Aruba (NL),32562,193,0,32369,38,0,0,0.59,0.0,inf,31603,959,3.03,Americas
Australia,2391062,3390,0,2387672,51016,91,0,0.14,0.0,inf,2022581,368481,18.22,Western Pacific
Austria,1684608,14030,0,1670578,34011,11,0,0.83,0.0,inf,1503668,180940,12.03,Europe
Azerbaijan,640148,8650,0,631498,3192,18,0,1.35,0.0,inf,628166,11982,1.91,Europe
Bahamas,32282,731,0,31551,44,0,0,2.26,0.0,inf,31549,733,2.32,Americas
Bahrain,343400,1400,0,342000,4876,1,0,0.41,0.0,inf,317380,26020,8.2,Eastern Mediterranean
Bangladesh,1731524,28273,0,1703251,15527,17,0,1.63,0.0,inf,1642294,89230,5.43,South-East Asia
Barbados,41355,277,0,41078,723,0,0,0.67,0.0,inf,37063,4292,11.58,Americas
Belarus,732104,5976,0,726128,1897,17,0,0.82,0.0,inf,719485,12619,1.75,Europe
Belgium,2939439,28902,0,2910537,61227,39,0,0.98,0.0,inf,2575313,364126,14.14,Europe
Belize,49059,624,0,48435,796,2,0,1.27,0.0,inf,44145,4914,11.13,Americas
Benin,26450,163,0,26287,141,0,0,0.62,0.0,inf,26309,141,0.54,Africa
Bhutan,4089,3,0,4086,138,0,0,0.07,0.0,inf,3229,860,26.63,South-East Asia
Bolivia,835170,20774,0,814396,6938,54,0,2.49,0.0,inf,774227,60943,7.87,Americas
Bosnia and Herzegovina,339281,14185,0,325096,2601,49,0,4.18,0.0,inf,324026,15255,4.71,Europe
Botswana,245904,2565,0,243339,0,0,0,1.04,0.0,inf,239887,6017,2.51,Africa
Brazil,24560093,624717,0,23935376,217771,588,0,2.54,0.0,inf,23425392,1134701,4.84,Americas
British Virgin Islands (UK),5809,49,0,5760,0,0,0,0.84,0.0,inf,5449,360,6.61,Americas
Brunei,16179,98,0,16081,31,0,0,0.61,0.0,inf,15986,193,1.21,Western Pacific
Bulgaria,913592,32939,0,880653,9916,70,0,3.61,0.0,inf,851945,61647,7.24,Europe
Burkina Faso,20591,366,0,20225,77,13,0,1.78,0.0,inf,20414,177,0.87,Africa
Burma,534503,19310,0,515193,120,0,0,3.61,0.0,inf,533604,899,0.17,South-East Asia
Burundi,37170,38,0,37132,32,0,0,0.1,0.0,inf,36785,385,1.05,Africa
Cabo Verde,55543,393,0,55150,72,1,0,0.71,0.0,inf,54891,652,1.19,Africa
Cambodia,121116,3015,0,118101,22,0,0,2.49,0.0,inf,120877,239,0.2,Western Pacific
Cameroon,114113,1867,0,112246,0,0,0,1.64,0.0,inf,109666,4447,4.06,Africa
Canada,2927221,32600,0,2894621,492,5,0,1.11,0.0,inf,2845980,81241,2.85,Americas
Cayman Islands (UK),13734,15,0,13719,0,0,0,0.11,0.0,inf,12023,1711,14.23,Americas
Central African Republic,13840,109,0,13731,0,0,0,0.79,0.0,inf,13319,521,3.91,Africa
Chad,7075,190,0,6885,0,0,0,2.69,0.0,inf,6889,186,2.7,Africa
Chile,2020082,39547,0,1980535,18736,4,0,1.96,0.0,inf,1902657,117425,6.17,Americas
China,119152,4849,0,114303,143,0,0,4.07,0.0,inf,118370,782,0.66,Western Pacific
Colombia,5798799,133019,0,5665780,17889,282,0,2.29,0.0,inf,5624520,174279,3.1,Americas
Comoros,7821,159,0,7662,7,0,0,2.03,0.0,inf,7784,37,0.48,Africa
Congo (Brazzaville),23485,371,0,23114,0,0,0,1.58,0.0,inf,23244,241,1.04,Africa
Congo (Kinshasa),84877,1278,0,83599,117,0,0,1.51,0.0,inf,82984,1893,2.28,Africa
Costa Rica,668209,7505,0,660704,6525,13,0,1.12,0.0,inf,631311,36898,5.84,Americas
Cote d'Ivoire,80396,782,0,79614,33,0,0,0.97,0.0,inf,79558,838,1.05,Africa
Croatia,899174,13566,0,885608,11812,64,0,1.51,0.0,inf,836807,62367,7.45,Europe
Cuba,1031170,8376,0,1022794,2987,3,0,0.81,0.0,inf,1008616,22554,2.24,Americas
Curacao (NL),36594,222,0,36372,271,1,0,0.61,0.0,inf,34368,2226,6.48,Americas
Cyprus,243818,724,0,243094,1930,11,0,0.3,0.0,inf,233082,10736,4.61,Europe
Czechia,2833961,37092,0,2796869,39716,12,0,1.31,0.0,inf,2652685,181276,6.83,Europe
Denmark,1531518,3656,0,1527862,46747,21,0,0.24,0.0,inf,1232238,299280,24.29,Europe
Djibouti,15396,189,0,15207,24,0,0,1.23,0.0,inf,15134,262,1.73,Eastern Mediterranean
Dominica,8838,51,0,8787,321,2,0,0.58,0.0,inf,7957,881,11.07,Americas
Dominican Republic,547091,4293,0,542798,2763,2,0,0.78,0.0,inf,517611,29480,5.7,Americas
Ecuador,691898,34362,0,657536,33853,83,0,4.97,0.0,inf,629507,62391,9.91,Americas
Egypt,415468,22460,0,393008,1910,29,0,5.41,0.0,inf,403990,11478,2.84,Eastern Mediterranean
El Salvador,127012,3866,0,123146,0,4,0,3.04,0.0,inf,123577,3435,2.78,Americas
Equatorial Guinea,15774,182,0,15592,42,1,0,1.15,0.0,inf,15558,216,1.39,Africa
Eritrea,9408,96,0,9312,18,1,0,1.02,0.0,inf,9115,293,3.21,Africa
Estonia,307451,2018,0,305433,5843,5,0,0.66,0.0,inf,274658,32793,11.94,Europe
Eswatini,68205,1371,0,66834,41,1,0,2.01,0.0,inf,67975,230,0.34,Africa
Ethiopia,463465,7292,0,456173,418,12,0,1.57,0.0,inf,459959,3506,0.76,Africa
Falkland Islands (Malvinas) (UK),86,0,0,86,0,0,0,0.0,0.0,0.0,85,1,1.18,Africa
Faroe Islands (DK),16637,17,0,16620,859,0,0,0.1,0.0,inf,11948,4689,39.25,Europe
Fiji,62203,791,0,61412,235,12,0,1.27,0.0,inf,60509,1694,2.8,Western Pacific
Finland,371135,1724,0,369411,0,0,0,0.46,0.0,inf,371135,0,0.0,Europe
France,17340639,127388,0,17213251,362647,207,0,0.73,0.0,inf,14889707,2450932,16.46,Europe
French Guiana,74563,363,0,74200,872,2,0,0.49,0.0,inf,70483,4080,5.79,Americas
French Polynesia,47794,636,0,47158,0,0,0,1.33,0.0,inf,47275,519,1.1,Western Pacific
Gabon,46469,301,0,46168,271,1,0,0.65,0.0,inf,45405,1064,2.34,Africa
Gambia,11572,347,0,11225,0,0,0,3.0,0.0,inf,11572,0,0.0,Africa
Georgia,1092684,14813,0,1077871,17530,39,0,1.36,0.0,inf,1015592,77092,7.59,Europe
Germany,9317280,117318,0,9199962,228608,187,0,1.26,0.0,inf,8361262,956018,11.43,Europe
Ghana,156272,1382,0,154890,607,12,0,0.88,0.0,inf,154190,2082,1.35,Africa
Gibraltar (UK),12277,100,0,12177,174,0,0,0.81,0.0,inf,11216,1061,9.46,Europe
Greece,1848223,22970,0,1825253,17960,118,0,1.24,0.0,inf,1723496,124727,7.24,Europe
Greenland (DK),10157,4,0,10153,129,0,0,0.04,0.0,inf,9014,1143,12.68,Europe
Grenada,11816,207,0,11609,0,0,0,1.75,0.0,inf,10427,1389,13.32,Americas
Guadeloupe (FR),90749,844,0,89905,17089,9,0,0.93,0.0,inf,73660,17089,23.2,Americas
Guatemala,677214,16294,0,660920,3655,9,0,2.41,0.0,inf,659655,17559,2.66,Americas
Guinea,36013,416,0,35597,62,0,0,1.16,0.0,inf,35719,294,0.82,Africa
Guinea-Bissau,7508,154,0,7354,24,0,0,2.05,0.0,inf,7140,368,5.15,Africa
Guyana,58196,1154,0,57042,424,6,0,1.98,0.0,inf,53921,4275,7.93,Americas
Haiti,28561,783,0,27778,0,0,0,2.74,0.0,inf,28030,531,1.89,Americas
Holy See,29,0,0,29,0,0,0,0.0,0.0,0.0,29,0,0.0,Europe
Honduras,391145,10498,0,380647,0,0,0,2.68,0.0,inf,385964,5181,1.34,Americas
Hungary,1471276,41087,0,1430189,20174,69,0,2.79,0.0,inf,1369974,101302,7.39,Europe
Iceland,61737,45,0,61692,1641,0,0,0.07,0.0,inf,51535,10202,19.8,Europe
India,40085116,491127,0,39593989,0,0,0,1.23,0.0,inf,38218773,1866343,4.88,South-East Asia
Indonesia,4301193,144254,0,4156939,7010,7,0,3.35,0.0,inf,4275528,25665,0.6,South-East Asia
Iran,6279410,132303,0,6147107,11851,29,0,2.11,0.0,inf,6231909,47501,0.76,Eastern Mediterranean
Iraq,2175793,24319,0,2151474,8107,10,0,1.12,0.0,inf,2131500,44293,2.08,Eastern Mediterranean
Ireland,1159271,6136,0,1153135,5605,49,0,0.53,0.0,inf,1122428,36843,3.28,Europe
Israel,2599449,8513,0,2590936,93983,11,0,0.33,0.0,inf,2035425,564024,27.71,Europe
Italy,10383561,144770,0,10238791,170940,427,0,1.39,0.0,inf,9219391,1164170,12.63,Europe
Jamaica,121963,2615,0,119348,527,6,0,2.14,0.0,inf,116084,5879,5.06,Americas
Japan,2354358,18601,0,2335757,71487,34,0,0.79,0.0,inf,1975761,378597,19.16,Western Pacific
Jordan,1177165,13124,0,1164041,12826,22,0,1.11,0.0,inf,1117397,59768,5.35,Eastern Mediterranean
Kazakhstan,1278057,18415,0,1259642,13758,12,0,1.44,0.0,inf,1185928,92129,7.77,Europe
Kenya,320766,5565,0,315201,182,3,0,1.73,0.0,inf,319011,1755,0.55,Africa
Kiribati,116,0,0,116,50,0,0,0.0,0.0,0.0,37,79,213.51,Western Pacific
Kosovo,190793,3002,0,187791,4397,0,0,1.57,0.0,inf,169632,21161,12.47,Europe
Kuwait,514826,2489,0,512337,6454,1,0,0.48,0.0,inf,479640,35186,7.34,Eastern Mediterranean
Kyrgyzstan,196602,2858,0,193744,370,4,0,1.45,0.0,inf,192158,4444,2.31,Europe
Laos,131432,533,0,130899,579,4,0,0.41,0.0,inf,127347,4085,3.21,Western Pacific
Latvia,354734,4828,0,349906,9143,14,0,1.36,0.0,inf,314142,40592,12.92,Europe
Lebanon,882783,9528,0,873255,8639,15,0,1.08,0.0,inf,840514,42269,5.03,Eastern Mediterranean
Lesotho,32049,690,0,31359,0,0,0,2.15,0.0,inf,31899,150,0.47,Africa
Liberia,7243,289,0,6954,0,0,0,3.99,0.0,inf,7121,122,1.71,Africa
Libya,413066,5967,0,407099,2245,17,0,1.44,0.0,inf,400113,12953,3.24,Eastern Mediterranean
Liechtenstein,8346,73,0,8273,175,0,0,0.87,0.0,inf,7488,858,11.46,Europe
Lithuania,628094,7798,0,620296,10301,16,0,1.24,0.0,inf,581823,46271,7.95,Europe
Luxembourg,147854,946,0,146908,3073,1,0,0.64,0.0,inf,131644,16210,12.31,Europe
Madagascar,57375,1223,0,56152,0,0,0,2.13,0.0,inf,55827,1548,2.77,Africa
Malawi,84105,2537,0,81568,92,3,0,3.02,0.0,inf,83219,886,1.06,Africa
Malaysia,2844969,31930,0,2813039,4744,12,0,1.12,0.0,inf,2817163,27806,0.99,Western Pacific
Maldives,125590,272,0,125318,2813,1,0,0.22,0.0,inf,108732,16858,15.5,South-East Asia
Mali,29895,710,0,29185,37,1,0,2.37,0.0,inf,29257,638,2.18,Africa
Malta,66708,538,0,66170,314,2,0,0.81,0.0,inf,64719,1989,3.07,Europe
Marshall Islands,7,0,0,7,0,0,0,0.0,0.0,0.0,7,0,0.0,Western Pacific
Martinique (FR),77075,821,0,76254,0,0,0,1.07,0.0,inf,68931,8144,11.81,Americas
Mauritania,57794,937,0,56857,146,3,0,1.62,0.0,inf,56296,1498,2.66,Africa
Mauritius,25455,240,0,25215,0,0,0,0.94,0.0,inf,24903,552,2.22,Africa
Mayotte (FR),36166,187,0,35979,200,0,0,0.52,0.0,inf,35189,977,2.78,Africa
Mexico,4730669,303776,0,4426893,0,0,0,6.42,0.0,inf,4495310,235359,5.24,Americas
Micronesia,1,0,0,1,0,0,0,0.0,0.0,0.0,1,0,0.0,Western Pacific
Moldova,423568,10587,0,412981,6199,21,0,2.5,0.0,inf,396678,26890,6.78,Europe
Monaco,7790,46,0,7744,0,0,0,0.59,0.0,inf,7041,749,10.64,Europe
Mongolia,435681,2102,0,433579,2273,2,0,0.48,0.0,inf,417557,18124,4.34,Western Pacific
Montenegro,215950,2535,0,213415,933,5,0,1.17,0.0,inf,208171,7779,3.74,Europe
Montserrat (UK),161,1,0,160,0,0,0,0.62,0.0,inf,148,13,8.78,Americas
Morocco,1114527,15237,0,1099290,7002,36,0,1.37,0.0,inf,1068941,45586,4.26,Eastern Mediterranean
Mozambique,223112,2163,0,220949,220,2,0,0.97,0.0,inf,220908,2204,1.0,Africa
Namibia,155502,3937,0,151565,78,13,0,2.53,0.0,inf,154756,746,0.48,Africa
Nepal,933451,11672,0,921779,5571,5,0,1.25,0.0,inf,877717,55734,6.35,South-East Asia
Netherlands,4067075,21239,0,4045836,58616,12,0,0.52,0.0,inf,3680896,386179,10.49,Europe
New Zealand,15844,52,0,15792,97,0,0,0.33,0.0,inf,15336,508,3.31,Western Pacific
Nicaragua,17650,220,0,17430,0,1,0,1.25,0.0,inf,17604,46,0.26,Americas
Niger,8616,297,0,8319,13,0,0,3.45,0.0,inf,8472,144,1.7,Africa
Nigeria,252753,3134,0,249619,75,1,0,1.24,0.0,inf,251571,1182,0.47,Africa
North Macedonia,261347,8285,0,253062,2019,19,0,3.17,0.0,inf,249704,11643,4.66,Europe
Norway,690244,1439,0,688805,24677,23,0,0.21,0.0,inf,554778,135466,24.42,Europe
Oman,328326,4133,0,324193,2162,3,0,1.26,0.0,inf,316472,11854,3.75,Eastern Mediterranean
Pakistan,1393887,29162,0,1364725,7539,25,0,2.09,0.0,inf,1345801,48086,3.57,Eastern Mediterranean
Palau,898,0,0,898,247,0,0,0.0,0.0,0.0,167,731,437.72,Western Pacific
Panama,669860,7645,0,662215,19722,36,0,1.14,0.0,inf,602606,67254,11.16,Americas
Papua New Guinea,36596,597,0,35999,48,0,0,1.63,0.0,inf,36446,150,0.41,Western Pacific
Paraguay,554182,17112,0,537070,5930,58,0,3.09,0.0,inf,509795,44387,8.71,Americas
Peru,3020756,204587,0,2816169,0,0,0,6.77,0.0,inf,2723166,297590,10.93,Americas
Philippines,3475293,53664,0,3421629,15647,66,0,1.54,0.0,inf,3293625,181668,5.52,Western Pacific
Poland,4637776,104373,0,4533403,53416,276,0,2.25,0.0,inf,4373718,264058,6.04,Europe
Portugal,2377818,19703,0,2358115,65578,42,0,0.83,0.0,inf,2003169,374649,18.7,Europe
Qatar,330848,638,0,330210,2204,1,0,0.19,0.0,inf,310779,20069,6.46,Eastern Mediterranean
Reunion (FR),180531,500,0,180031,46914,38,0,0.28,0.0,inf,102216,78315,76.62,Africa
Romania,2083151,59726,0,2023425,34255,94,0,2.87,0.0,inf,1944916,138235,7.11,Europe
Russia,11129318,321484,0,10807834,74072,640,0,2.89,0.0,inf,10716397,412921,3.85,Europe
Rwanda,128509,1434,0,127075,131,1,0,1.12,0.0,inf,126685,1824,1.44,Africa
Saint Kitts and Nevis,5331,33,0,5298,77,5,0,0.62,0.0,inf,5065,266,5.25,Americas
Saint Lucia,20192,326,0,19866,225,0,0,1.61,0.0,inf,17871,2321,12.99,Americas
Saint Pierre and Miquelon (FR),774,0,0,774,0,0,0,0.0,0.0,0.0,553,221,39.96,Americas
Saint Vincent and the Grenadines,9385,92,0,9293,2723,0,0,0.98,0.0,inf,6604,2781,42.11,Americas
Samoa,28,0,0,28,2,0,0,0.0,0.0,0.0,3,25,833.33,Western Pacific
San Marino,11995,109,0,11886,209,1,0,0.91,0.0,inf,11077,918,8.29,Europe
Sao Tome and Principe,5856,69,0,5787,7,0,0,1.18,0.0,inf,5651,205,3.63,Africa
Saudi Arabia,666259,8927,0,657332,4526,3,0,1.34,0.0,inf,632736,33523,5.3,Eastern Mediterranean
Senegal,84613,1937,0,82676,160,4,0,2.29,0.0,inf,83487,1126,1.35,Africa
Serbia,1579847,13340,0,1566507,0,0,0,0.84,0.0,inf,1484516,95331,6.42,Europe
Seychelles,35606,143,0,35463,0,0,0,0.4,0.0,inf,32850,2756,8.39,Africa
Sierra Leone,7608,125,0,7483,1,0,0,1.64,0.0,inf,7562,46,0.61,Africa
Singapore,327602,850,0,326752,4832,0,0,0.26,0.0,inf,296077,31525,10.65,Western Pacific
Sint Maarten (NL),9160,79,0,9081,0,0,0,0.86,0.0,inf,8798,362,4.11,Americas
Slovakia,1494945,17725,0,1477220,16402,27,0,1.19,0.0,inf,1431770,63175,4.41,Europe
Slovenia,642342,5813,0,636529,17491,15,0,0.9,0.0,inf,559312,83030,14.85,Europe
Solomon Islands,676,2,0,674,26,0,0,0.3,0.0,inf,33,643,1948.48,Western Pacific
Somalia,25388,1335,0,24053,0,0,0,5.26,0.0,inf,24261,1127,4.65,Eastern Mediterranean
South Africa,3590399,94491,0,3495908,4511,94,0,2.63,0.0,inf,3564578,25821,0.72,Africa
South Korea,777497,6654,0,770843,14514,34,0,0.86,0.0,inf,712503,64994,9.12,Western Pacific
South Sudan,16752,137,0,16615,14,0,0,0.82,0.0,inf,16607,145,0.87,Africa
Spain,9529320,92591,0,9436729,133553,215,0,0.97,0.0,inf,8676916,852404,9.82,Europe
Sri Lanka,604581,15346,0,589235,927,16,0,2.54,0.0,inf,598536,6045,1.01,South-East Asia
Sudan,56595,3411,0,53184,762,0,0,6.03,0.0,inf,53080,3515,6.62,Eastern Mediterranean
Summer Olympics 2020,865,0,0,865,0,0,0,0.0,0.0,0.0,865,0,0.0,
Suriname,72088,1252,0,70836,459,5,0,1.74,0.0,inf,67768,4320,6.37,Americas
Sweden,1973485,15768,0,1957717,50495,75,0,0.8,0.0,inf,1700336,273149,16.06,Europe
Switzerland,2046465,12649,0,2033816,43203,14,0,0.62,0.0,inf,1801522,244943,13.6,Europe
Syria,51124,2977,0,48147,49,3,0,5.82,0.0,inf,50821,303,0.6,Eastern Mediterranean
Taiwan*,18503,851,0,17652,92,0,0,4.6,0.0,inf,18005,498,2.77,Western Pacific
Tajikistan,17627,125,0,17502,18,0,0,0.71,0.0,inf,17493,134,0.77,Europe
Tanzania,32920,778,0,32142,0,0,0,2.36,0.0,inf,32393,527,1.63,Africa
Thailand,2407022,22098,0,2384924,8078,22,0,0.92,0.0,inf,2353062,53960,2.29,South-East Asia
Timor-Leste,19879,122,0,19757,8,0,0,0.61,0.0,inf,19866,13,0.07,South-East Asia
Togo,36421,267,0,36154,49,0,0,0.73,0.0,inf,36056,365,1.01,Africa
Tonga,1,0,0,1,0,0,0,0.0,0.0,0.0,1,0,0.0,Western Pacific
Trinidad and Tobago,108088,3347,0,104741,680,12,0,3.1,0.0,inf,102942,5146,5.0,Americas
Tunisia,866445,26051,0,840394,9706,52,0,3.01,0.0,inf,804353,62092,7.72,Eastern Mediterranean
Turkey,11167927,86487,0,11081440,77434,188,0,0.77,0.0,inf,10664372,503555,4.72,Europe
Turks and Caicos Islands (UK),5659,34,0,5625,89,0,0,0.6,0.0,inf,5271,388,7.36,Americas
US,72909527,876060,0,72033467,652511,4035,0,1.2,0.0,inf,68684431,4225096,6.15,Americas
Uganda,160974,3507,0,157467,196,10,0,2.18,0.0,inf,159270,1704,1.07,Africa
Ukraine,4100292,106205,0,3994087,24941,158,0,2.59,0.0,inf,3963917,136375,3.44,Europe
United Arab Emirates,833201,2228,0,830973,2369,4,0,0.27,0.0,inf,813931,19270,2.37,Eastern Mediterranean
United Kingdom,16220882,155015,0,16065867,102164,346,0,0.96,0.0,inf,15573686,647196,4.16,Europe
Uruguay,621453,6368,0,615085,11668,29,0,1.02,0.0,inf,543166,78287,14.41,Americas
Uzbekistan,217360,1549,0,215811,1174,4,0,0.71,0.0,inf,208271,9089,4.36,Europe
Vanuatu,7,1,0,6,0,0,0,14.29,0.0,inf,7,0,0.0,Western Pacific
Venezuela,475135,5419,0,469716,3746,9,0,1.14,0.0,inf,461059,14076,3.05,Americas
Vietnam,2187481,37165,0,2150316,15954,155,0,1.7,0.0,inf,2078087,109394,5.26,Western Pacific
West Bank and Gaza,492694,5072,0,487622,4095,11,0,1.03,0.0,inf,478084,14610,3.06,Eastern Mediterranean
Yemen,10821,2003,0,8818,236,8,0,18.51,0.0,inf,10449,372,3.56,Eastern Mediterranean
Zambia,303266,3906,0,299360,697,1,0,1.29,0.0,inf,299172,4094,1.37,Africa
Zimbabwe,228943,5321,0,223622,167,5,0,2.32,0.0,inf,226887,2056,0.91,Africa
