Country,Confirmed,Deaths,Recovered,Active,New cases,New deaths,New recovered,Deaths / 100 Cases,Recovered / 100 Cases,Deaths / 100 Recovered,Confirmed last week,1 week change,1 week % increase,WHO Region
Afghanistan,170604,7494,0,163110,452,6,0,4.39,0.0,inf,166191,4413,2.66,Eastern Mediterranean
Albania,268008,3410,0,264598,457,3,0,1.27,0.0,inf,264624,3384,1.28,Europe
Algeria,261752,6729,0,255023,526,14,0,2.57,0.0,inf,257976,3776,1.46,Africa
Andorra,37140,148,0,36992,0,0,0,0.4,0.0,inf,36599,541,1.48,Europe
Angola,98514,1898,0,96616,0,0,0,1.93,0.0,inf,98364,150,0.15,Africa
Anguilla (UK),2458,9,0,2449,0,0,0,0.37,0.0,inf,2384,74,3.1,Americas
Antarctica,11,0,0,11,0,0,0,0.0,0.0,0.0,11,0,0.0,
Antigua and Barbuda,7331,134,0,7197,0,0,0,1.83,0.0,inf,6853,478,6.98,Americas
Argentina,8734551,124081,0,8610470,6289,94,0,1.42,0.0,inf,8589879,144672,1.68,Americas
Armenia,406379,8167,0,398212,1574,10,0,2.01,0.0,inf,389957,16422,4.21,Europe
Aruba (NL),33500,198,0,33302,17,0,0,0.59,0.0,inf,33302,198,0.59,Americas
Australia,2920767,4618,0,2916149,18473,25,0,0.16,0.0,inf,2752507,168260,6.11,Western Pacific
Austria,2274664,14372,0,2260292,25951,12,0,0.63,0.0,inf,2056928,217736,10.59,Europe
Azerbaijan,745169,9050,0,736119,6841,23,0,1.21,0.0,inf,698654,46515,6.66,Europe
Bahamas,32931,766,0,32165,6,9,0,2.33,0.0,inf,32773,158,0.48,Americas
Bahrain,463805,1427,0,462378,5266,2,0,0.31,0.0,inf,421081,42724,10.15,Eastern Mediterranean
Bangladesh,1909664,28819,0,1880845,4838,28,0,1.51,0.0,inf,1861532,48132,2.59,South-East Asia
Barbados,51624,299,0,51325,313,4,0,0.58,0.0,inf,48239,3385,7.02,Americas
Belarus,831966,6253,0,825713,8921,16,0,0.75,0.0,inf,777391,54575,7.02,Europe
Belgium,3421081,29624,0,3391457,0,0,0,0.87,0.0,inf,3296038,125043,3.79,Europe
Belize,55183,631,0,54552,0,0,0,1.14,0.0,inf,53544,1639,3.06,Americas
Benin,26552,163,0,26389,0,0,0,0.61,0.0,inf,26498,54,0.2,Africa
Bhutan,7429,5,0,7424,230,0,0,0.07,0.0,inf,6092,1337,21.95,South-East Asia
Bolivia,883382,21284,0,862098,733,23,0,2.41,0.0,inf,871749,11633,1.33,Americas
Bosnia and Herzegovina,362527,14984,0,347543,0,0,0,4.13,0.0,inf,354325,8202,2.31,Europe
Botswana,259655,2597,0,257058,0,0,0,1.0,0.0,inf,256041,3614,1.41,Africa
Brazil,27492904,638673,0,26854231,58618,327,0,2.32,0.0,inf,26546399,946505,3.57,Americas
British Virgin Islands (UK),5997,61,0,5936,0,0,0,1.02,0.0,inf,5928,69,1.16,Americas
Brunei,22515,98,0,22417,936,0,0,0.44,0.0,inf,17404,5111,29.37,Western Pacific
Bulgaria,1036824,34404,0,1002420,1539,45,0,3.32,0.0,inf,995436,41388,4.16,Europe
Burkina Faso,20716,375,0,20341,11,0,0,1.81,0.0,inf,20679,37,0.18,Africa
Burma,546771,19310,0,527461,1473,0,0,3.53,0.0,inf,537901,8870,1.65,South-East Asia
Burundi,37856,38,0,37818,0,0,0,0.1,0.0,inf,37562,294,0.78,Africa
Cabo Verde,55842,400,0,55442,2,0,0,0.72,0.0,inf,55785,57,0.1,Africa
Cambodia,123443,3015,0,120428,401,0,0,2.44,0.0,inf,121773,1670,1.37,Western Pacific
Cameroon,118675,1915,0,116760,0,0,0,1.61,0.0,inf,116718,1957,1.68,Africa
Canada,3190455,35469,0,3154986,4401,31,0,1.11,0.0,inf,3123547,66908,2.14,Americas
Cayman Islands (UK),17687,16,0,17671,0,0,0,0.09,0.0,inf,15934,1753,11.0,Americas
Central African Republic,14154,111,0,14043,0,0,0,0.78,0.0,inf,14023,131,0.93,Africa
Chad,7216,190,0,7026,0,0,0,2.63,0.0,inf,7157,59,0.82,Africa
Chile,2621427,40558,0,2580869,38493,94,0,1.55,0.0,inf,2371833,249594,10.52,Americas
China,124139,4855,0,119284,411,0,0,3.91,0.0,inf,121163,2976,2.46,Western Pacific
Colombia,6020095,137115,0,5882980,5532,162,0,2.28,0.0,inf,5966706,53389,0.89,Americas
Comoros,8005,160,0,7845,7,0,0,2.0,0.0,inf,7944,61,0.77,Africa
Congo (Brazzaville),23860,375,0,23485,0,0,0,1.57,0.0,inf,23705,155,0.65,Africa
Congo (Kinshasa),85776,1316,0,84460,0,0,0,1.53,0.0,inf,85510,266,0.31,Africa
Costa Rica,757093,7772,0,749321,0,0,0,1.03,0.0,inf,721971,35122,4.86,Americas
Cote d'Ivoire,81118,789,0,80329,0,0,0,0.97,0.0,inf,80920,198,0.24,Africa
Croatia,1017915,14473,0,1003442,2730,49,0,1.42,0.0,inf,983780,34135,3.47,Europe
Cuba,1060732,8472,0,1052260,898,5,0,0.8,0.0,inf,1053560,7172,0.68,Americas
Curacao (NL),38380,256,0,38124,44,2,0,0.67,0.0,inf,37809,571,1.51,Americas
Cyprus,290110,785,0,289325,2047,0,0,0.27,0.0,inf,273634,16476,6.02,Europe
Czechia,3396250,37820,0,3358430,11000,55,0,1.11,0.0,inf,3234571,161679,5.0,Europe
Denmark,2327399,4068,0,2323331,38323,30,0,0.17,0.0,inf,2003042,324357,16.19,Europe
Djibouti,15534,189,0,15345,3,0,0,1.22,0.0,inf,15510,24,0.15,Eastern Mediterranean
Dominica,10414,53,0,10361,0,0,0,0.51,0.0,inf,9722,692,7.12,Americas
Dominican Republic,569446,4347,0,565099,422,4,0,0.76,0.0,inf,562613,6833,1.21,Americas
Ecuador,781470,34854,0,746616,0,0,0,4.46,0.0,inf,769149,12321,1.6,Americas
Egypt,452821,23292,0,429529,0,0,0,5.14,0.0,inf,439651,13170,3.0,Eastern Mediterranean
El Salvador,135109,3994,0,131115,0,5,0,2.96,0.0,inf,135109,0,0.0,Americas
Equatorial Guinea,15859,182,0,15677,0,0,0,1.15,0.0,inf,15845,14,0.09,Africa
Eritrea,9668,103,0,9565,4,0,0,1.07,0.0,inf,9637,31,0.32,Africa
Estonia,420604,2113,0,418491,4610,7,0,0.5,0.0,inf,380946,39658,10.41,Europe
Eswatini,68795,1383,0,67412,14,0,0,2.01,0.0,inf,68553,242,0.35,Africa
Ethiopia,467498,7424,0,460074,99,3,0,1.59,0.0,inf,466539,959,0.21,Africa
Falkland Islands (Malvinas) (UK),98,0,0,98,0,0,0,0.0,0.0,0.0,91,7,7.69,Africa
Faroe Islands (DK),28725,23,0,28702,305,1,0,0.08,0.0,inf,24006,4719,19.66,Europe
Fiji,63476,819,0,62657,0,0,0,1.29,0.0,inf,63274,202,0.32,Western Pacific
Finland,569973,2170,0,567803,0,0,0,0.38,0.0,inf,514892,55081,10.7,Europe
France,21211195,132300,0,21078895,86562,107,0,0.62,0.0,inf,20299239,911956,4.49,Europe
French Guiana,76893,383,0,76510,0,0,0,0.5,0.0,inf,76399,494,0.65,Americas
French Polynesia,53853,637,0,53216,0,0,0,1.18,0.0,inf,49521,4332,8.75,Western Pacific
Gabon,47426,302,0,47124,0,0,0,0.64,0.0,inf,47247,179,0.38,Africa
Gambia,11911,365,0,11546,0,0,0,3.06,0.0,inf,11880,31,0.26,Africa
Georgia,1454065,15556,0,1438509,15712,40,0,1.07,0.0,inf,1314603,139462,10.61,Europe
Germany,12454304,119981,0,12334323,62841,42,0,0.96,0.0,inf,11147509,1306795,11.72,Europe
Ghana,157751,1419,0,156332,0,0,0,0.9,0.0,inf,157541,210,0.13,Africa
Gibraltar (UK),14284,101,0,14183,0,0,0,0.71,0.0,inf,13649,635,4.65,Europe
Greece,2174093,24754,0,2149339,10853,75,0,1.14,0.0,inf,2047849,126244,6.16,Europe
Greenland (DK),11409,7,0,11402,0,0,0,0.06,0.0,inf,11025,384,3.48,Europe
Grenada,13255,213,0,13042,13,0,0,1.61,0.0,inf,12862,393,3.06,Americas
Guadeloupe (FR),112668,873,0,111795,0,0,0,0.77,0.0,inf,104179,8489,8.15,Americas
Guatemala,735099,16637,0,718462,1139,10,0,2.26,0.0,inf,711076,24023,3.38,Americas
Guinea,36329,436,0,35893,0,0,0,1.2,0.0,inf,36262,67,0.18,Africa
Guinea-Bissau,7849,162,0,7687,0,1,0,2.06,0.0,inf,7770,79,1.02,Africa
Guyana,62156,1190,0,60966,0,0,0,1.91,0.0,inf,61600,556,0.9,Americas
Haiti,29969,807,0,29162,30,0,0,2.69,0.0,inf,29715,254,0.85,Americas
Holy See,29,0,0,29,0,0,0,0.0,0.0,0.0,29,0,0.0,Europe
Honduras,391874,10512,0,381362,0,0,0,2.68,0.0,inf,391874,0,0.0,Americas
Hungary,1695991,42360,0,1653631,0,0,0,2.5,0.0,inf,1616846,79145,4.9,Europe
Iceland,85980,54,0,85926,0,0,0,0.06,0.0,inf,73530,12450,16.93,Europe
India,42632513,508673,0,42123840,1092,8,0,1.19,0.0,inf,42272014,360499,0.85,South-East Asia
Indonesia,4807778,145176,0,4662602,44526,111,0,3.02,0.0,inf,4516480,291298,6.45,South-East Asia
Iran,6806265,133718,0,6672547,25812,148,0,1.96,0.0,inf,6579266,226999,3.45,Eastern Mediterranean
Iraq,2275571,24704,0,2250867,2036,26,0,1.09,0.0,inf,2248199,27372,1.22,Eastern Mediterranean
Ireland,1242806,6291,0,1236515,0,0,0,0.51,0.0,inf,1205914,36892,3.06,Europe
Israel,3426096,9544,0,3416552,31338,78,0,0.28,0.0,inf,3196541,229555,7.18,Europe
Italy,12105675,151015,0,11954660,52345,191,0,1.25,0.0,inf,11621736,483939,4.16,Europe
Jamaica,127054,2739,0,124315,168,1,0,2.16,0.0,inf,125993,1061,0.84,Americas
Japan,3919931,20371,0,3899560,77380,137,0,0.52,0.0,inf,3309439,610492,18.45,Western Pacific
Jordan,1468360,13508,0,1454852,17550,31,0,0.92,0.0,inf,1330107,138253,10.39,Eastern Mediterranean
Kazakhstan,1378771,18736,0,1360035,1381,0,0,1.36,0.0,inf,1361663,17108,1.26,Europe
Kenya,322473,5631,0,316842,37,2,0,1.75,0.0,inf,322096,377,0.12,Africa
Kiribati,2548,3,0,2545,97,0,0,0.12,0.0,inf,1543,1005,65.13,Western Pacific
Kosovo,222941,3074,0,219867,602,6,0,1.38,0.0,inf,217528,5413,2.49,Europe
Kuwait,601307,2520,0,598787,2268,1,0,0.42,0.0,inf,578819,22488,3.89,Eastern Mediterranean
Kyrgyzstan,200066,2930,0,197136,46,3,0,1.46,0.0,inf,199436,630,0.32,Europe
Laos,139028,594,0,138434,263,3,0,0.43,0.0,inf,136438,2590,1.9,Western Pacific
Latvia,518622,5024,0,513598,7789,4,0,0.97,0.0,inf,450105,68517,15.22,Europe
Lebanon,1016487,9840,0,1006647,4443,16,0,0.97,0.0,inf,971774,44713,4.6,Eastern Mediterranean
Lesotho,32372,696,0,31676,0,0,0,2.15,0.0,inf,32258,114,0.35,Africa
Liberia,7358,290,0,7068,0,0,0,3.94,0.0,inf,7276,82,1.13,Africa
Libya,470314,6125,0,464189,3648,12,0,1.3,0.0,inf,450118,20196,4.49,Eastern Mediterranean
Liechtenstein,10523,74,0,10449,72,0,0,0.7,0.0,inf,9672,851,8.8,Europe
Lithuania,815861,8114,0,807747,8000,24,0,0.99,0.0,inf,749614,66247,8.84,Europe
Luxembourg,173419,969,0,172450,0,0,0,0.56,0.0,inf,165958,7461,4.5,Europe
Madagascar,62844,1335,0,61509,0,0,0,2.12,0.0,inf,61434,1410,2.3,Africa
Malawi,85025,2596,0,82429,16,2,0,3.05,0.0,inf,84813,212,0.25,Africa
Malaysia,3040235,32125,0,3008110,21072,11,0,1.06,0.0,inf,2914220,126015,4.32,Western Pacific
Maldives,159061,289,0,158772,1030,1,0,0.18,0.0,inf,150337,8724,5.8,South-East Asia
Mali,30265,716,0,29549,6,0,0,2.37,0.0,inf,30205,60,0.2,Africa
Malta,70017,589,0,69428,116,4,0,0.84,0.0,inf,69000,1017,1.47,Europe
Marshall Islands,7,0,0,7,0,0,0,0.0,0.0,0.0,7,0,0.0,Western Pacific
Martinique (FR),102746,856,0,101890,0,0,0,0.83,0.0,inf,94259,8487,9.0,Americas
Mauritania,58569,972,0,57597,6,0,0,1.66,0.0,inf,58458,111,0.19,Africa
Mauritius,70862,786,0,70076,0,0,0,1.11,0.0,inf,70862,0,0.0,Africa
Mayotte (FR),36572,187,0,36385,0,0,0,0.51,0.0,inf,36474,98,0.27,Africa
Mexico,5283852,312697,0,4971155,0,0,0,5.92,0.0,inf,5151525,132327,2.57,Americas
Micronesia,1,0,0,1,0,0,0,0.0,0.0,0.0,1,0,0.0,Western Pacific
Moldova,484516,10940,0,473576,1674,16,0,2.26,0.0,inf,467271,17245,3.69,Europe
Monaco,9020,49,0,8971,0,0,0,0.54,0.0,inf,8770,250,2.85,Europe
Mongolia,875440,2146,0,873294,0,1,0,0.25,0.0,inf,860116,15324,1.78,Western Pacific
Montenegro,226467,2635,0,223832,325,1,0,1.16,0.0,inf,223462,3005,1.34,Europe
Montserrat (UK),163,2,0,161,0,0,0,1.23,0.0,inf,163,0,0.0,Americas
Morocco,1155165,15781,0,1139384,634,15,0,1.37,0.0,inf,1147243,7922,0.69,Eastern Mediterranean
Mozambique,224703,2189,0,222514,50,0,0,0.97,0.0,inf,224339,364,0.16,Africa
Namibia,156765,3993,0,152772,0,0,0,2.55,0.0,inf,156371,394,0.25,Africa
Nepal,973059,11892,0,961167,427,10,0,1.22,0.0,inf,966405,6654,0.69,South-East Asia
Netherlands,5734472,21396,0,5713076,60157,7,0,0.37,0.0,inf,4892041,842431,17.22,Europe
New Zealand,21575,53,0,21522,1796,0,0,0.25,0.0,inf,17990,3585,19.93,Western Pacific
Nicaragua,17791,222,0,17569,0,0,0,1.25,0.0,inf,17709,82,0.46,Americas
Niger,8711,303,0,8408,2,0,0,3.48,0.0,inf,8686,25,0.29,Africa
Nigeria,254016,3141,0,250875,38,0,0,1.24,0.0,inf,253727,289,0.11,Africa
North Macedonia,287016,8747,0,278269,920,11,0,3.05,0.0,inf,278182,8834,3.18,Europe
Norway,1035753,1513,0,1034240,11374,0,0,0.15,0.0,inf,893560,142193,15.91,Europe
Oman,365700,4208,0,361492,4701,13,0,1.15,0.0,inf,352187,13513,3.84,Eastern Mediterranean
Pakistan,1486361,29801,0,1456560,2563,29,0,2.0,0.0,inf,1463111,23250,1.59,Eastern Mediterranean
Palau,3133,1,0,3132,0,0,0,0.03,0.0,inf,2556,577,22.57,Western Pacific
Panama,742854,7950,0,734904,1203,12,0,1.07,0.0,inf,727413,15441,2.12,Americas
Papua New Guinea,38481,610,0,37871,0,0,0,1.59,0.0,inf,37390,1091,2.92,Western Pacific
Paraguay,624475,17905,0,606570,3767,61,0,2.87,0.0,inf,607947,16528,2.72,Americas
Peru,3435753,208120,0,3227633,0,0,0,6.06,0.0,inf,3363489,72264,2.15,Americas
Philippines,3637280,54930,0,3582350,2912,0,0,1.51,0.0,inf,3609568,27712,0.77,Western Pacific
Poland,5376674,108120,0,5268554,20027,31,0,2.01,0.0,inf,5163780,212894,4.12,Europe
Portugal,3085260,20530,0,3064730,16132,38,0,0.67,0.0,inf,2915971,169289,5.81,Europe
Qatar,350801,656,0,350145,613,0,0,0.19,0.0,inf,345623,5178,1.5,Eastern Mediterranean
Reunion (FR),256787,565,0,256222,0,0,0,0.22,0.0,inf,226005,30782,13.62,Africa
Romania,2562315,61601,0,2500714,11967,81,0,2.4,0.0,inf,2401821,160494,6.68,Europe
Russia,13923951,333421,0,13590530,195813,694,0,2.39,0.0,inf,12612259,1311692,10.4,Europe
Rwanda,129298,1450,0,127848,3,0,0,1.12,0.0,inf,129141,157,0.12,Africa
Saint Kitts and Nevis,5499,40,0,5459,1,0,0,0.73,0.0,inf,5475,24,0.44,Americas
Saint Lucia,22048,347,0,21701,116,0,0,1.57,0.0,inf,21513,535,2.49,Americas
Saint Pierre and Miquelon (FR),1033,1,0,1032,3,0,0,0.1,0.0,inf,976,57,5.84,Americas
Saint Vincent and the Grenadines,8144,102,0,8042,0,0,0,1.25,0.0,inf,8035,109,1.36,Americas
Samoa,33,0,0,33,0,0,0,0.0,0.0,0.0,33,0,0.0,Western Pacific
San Marino,13861,110,0,13751,0,0,0,0.79,0.0,inf,13328,533,4.0,Europe
Sao Tome and Principe,5920,71,0,5849,0,0,0,1.2,0.0,inf,5912,8,0.14,Africa
Saudi Arabia,728387,8973,0,719414,2136,2,0,1.23,0.0,inf,708897,19490,2.75,Eastern Mediterranean
Senegal,85412,1957,0,83455,42,1,0,2.29,0.0,inf,85206,206,0.24,Africa
Serbia,1841010,14427,0,1826583,6036,61,0,0.78,0.0,inf,1768343,72667,4.11,Europe
Seychelles,38395,157,0,38238,0,0,0,0.41,0.0,inf,37771,624,1.65,Africa
Sierra Leone,7652,125,0,7527,0,0,0,1.63,0.0,inf,7628,24,0.31,Africa
Singapore,469495,897,0,468598,9420,4,0,0.19,0.0,inf,390071,79424,20.36,Western Pacific
Sint Maarten (NL),9483,83,0,9400,0,0,0,0.88,0.0,inf,9396,87,0.93,Americas
Slovakia,1858190,18095,0,1840095,16256,14,0,0.97,0.0,inf,1705482,152708,8.95,Europe
Slovenia,847777,6081,0,841696,4282,7,0,0.72,0.0,inf,794443,53334,6.71,Europe
Solomon Islands,4489,58,0,4431,187,5,0,1.29,0.0,inf,2790,1699,60.9,Western Pacific
Somalia,26203,1340,0,24863,0,0,0,5.11,0.0,inf,26067,136,0.52,Eastern Mediterranean
South Africa,3641811,96993,0,3544818,1649,8,0,2.66,0.0,inf,3623962,17849,0.49,Africa
South Korea,1405246,7102,0,1398144,54616,21,0,0.51,0.0,inf,1044963,360283,34.48,Western Pacific
South Sudan,16880,137,0,16743,0,0,0,0.81,0.0,inf,16833,47,0.28,Africa
Spain,10604200,95995,0,10508205,0,0,0,0.91,0.0,inf,10199716,404484,3.97,Europe
Sri Lanka,628116,15808,0,612308,1150,31,0,2.52,0.0,inf,618520,9596,1.55,South-East Asia
Sudan,59631,3831,0,55800,0,0,0,6.42,0.0,inf,58874,757,1.29,Eastern Mediterranean
Summer Olympics 2020,865,0,0,865,0,0,0,0.0,0.0,0.0,865,0,0.0,
Suriname,77036,1299,0,75737,61,1,0,1.69,0.0,inf,75531,1505,1.99,Americas
Sweden,2397330,16501,0,2380829,0,0,0,0.69,0.0,inf,2287785,109545,4.79,Europe
Switzerland,2537734,12936,0,2524798,0,3,0,0.51,0.0,inf,2364613,173121,7.32,Europe
Syria,52751,3029,0,49722,125,3,0,5.74,0.0,inf,51915,836,1.61,Eastern Mediterranean
Taiwan*,19567,851,0,18716,52,0,0,4.35,0.0,inf,19144,423,2.21,Western Pacific
Tajikistan,17765,125,0,17640,0,0,0,0.7,0.0,inf,17733,32,0.18,Europe
Tanzania,33436,792,0,32644,0,0,0,2.37,0.0,inf,33230,206,0.62,Africa
Thailand,2608227,22462,0,2585765,14900,26,0,0.86,0.0,inf,2507471,100756,4.02,South-East Asia
Timor-Leste,21631,124,0,21507,75,1,0,0.57,0.0,inf,20403,1228,6.02,South-East Asia
Togo,36650,271,0,36379,16,1,0,0.74,0.0,inf,36593,57,0.16,Africa
Tonga,73,0,0,73,0,0,0,0.0,0.0,0.0,7,66,942.86,Western Pacific
Trinidad and Tobago,120385,3526,0,116859,382,7,0,2.93,0.0,inf,115270,5115,4.44,Americas
Tunisia,967052,27119,0,939933,2095,54,0,2.8,0.0,inf,944175,22877,2.42,Eastern Mediterranean
Turkey,12908321,90542,0,12817779,73787,276,0,0.7,0.0,inf,12238501,669820,5.47,Europe
Turks and Caicos Islands (UK),5828,35,0,5793,0,0,0,0.6,0.0,inf,5778,50,0.87,Americas
US,77739880,919696,0,76820184,32531,441,0,1.18,0.0,inf,76522879,1217001,1.59,Americas
Uganda,162696,3575,0,159121,57,0,0,2.2,0.0,inf,162273,423,0.26,Africa
Ukraine,4735258,109635,0,4625623,26654,152,0,2.32,0.0,inf,4481918,253340,5.65,Europe
United Arab Emirates,868237,2285,0,865952,1266,1,0,0.26,0.0,inf,857657,10580,1.23,Eastern Mediterranean
United Kingdom,18386482,159904,0,18226578,40864,52,0,0.87,0.0,inf,17879874,506608,2.83,Europe
Uruguay,777490,6756,0,770734,4733,12,0,0.87,0.0,inf,726042,51448,7.09,Americas
Uzbekistan,233439,1601,0,231838,439,2,0,0.69,0.0,inf,228796,4643,2.03,Europe
Vanuatu,7,1,0,6,0,0,0,14.29,0.0,inf,7,0,0.0,Western Pacific
Venezuela,504719,5538,0,499181,1557,9,0,1.1,0.0,inf,496283,8436,1.7,Americas
Vietnam,2510860,38946,0,2471914,26379,84,0,1.55,0.0,inf,2341971,168889,7.21,Western Pacific
West Bank and Gaza,600128,5215,0,594913,0,0,0,0.87,0.0,inf,556550,43578,7.83,Eastern Mediterranean
Winter Olympics 2022,501,0,0,501,3,0,0,0.0,0.0,0.0,435,66,15.17,
Yemen,11671,2103,0,9568,7,1,0,18.02,0.0,inf,11166,505,4.52,Eastern Mediterranean
Zambia,309502,3937,0,305565,209,0,0,1.27,0.0,inf,307206,2296,0.75,Africa
Zimbabwe,231381,5374,0,226007,82,0,0,2.32,0.0,inf,230402,979,0.42,Africa
