Country,Confirmed,Deaths,Recovered,Active,New cases,New deaths,New recovered,Deaths / 100 Cases,Recovered / 100 Cases,Deaths / 100 Recovered,Confirmed last week,1 week change,1 week % increase,WHO Region
Afghanistan,198163,7796,0,190367,140,0,0,3.93,0.0,inf,196992,1171,0.59,Eastern Mediterranean
Albania,331908,3589,0,328319,47,0,0,1.08,0.0,inf,331459,449,0.14,Europe
Algeria,270631,6879,0,263752,6,0,0,2.54,0.0,inf,270599,32,0.01,Africa
Andorra,46147,155,0,45992,0,0,0,0.34,0.0,inf,46147,0,0.0,Europe
Angola,103131,1917,0,101214,0,0,0,1.86,0.0,inf,103131,0,0.0,Africa
Anguilla (UK),3858,12,0,3846,0,0,0,0.31,0.0,inf,3856,2,0.05,Americas
Antarctica,11,0,0,11,0,0,0,0.0,0.0,0.0,11,0,0.0,
Antigua and Barbuda,9008,145,0,8863,0,0,0,1.61,0.0,inf,9008,0,0.0,Americas
Argentina,9703938,129855,0,9574083,0,0,0,1.34,0.0,inf,9697763,6175,0.06,Americas
Armenia,441444,8679,0,432765,0,0,0,1.97,0.0,inf,439302,2142,0.49,Europe
Aruba (NL),42970,228,0,42742,0,0,0,0.53,0.0,inf,42970,0,0.0,Americas
Australia,10201791,14925,0,10186866,2017,1,0,0.15,0.0,inf,10157316,44475,0.44,Western Pacific
Austria,5058191,20707,0,5037484,7958,7,0,0.41,0.0,inf,5008515,49676,0.99,Europe
Azerbaijan,820513,9902,0,810611,214,2,0,1.21,0.0,inf,819124,1389,0.17,Europe
Bahamas,37258,833,0,36425,45,0,0,2.24,0.0,inf,37187,71,0.19,Americas
Bahrain,677961,1520,0,676441,294,0,0,0.22,0.0,inf,675460,2501,0.37,Eastern Mediterranean
Bangladesh,2020768,29347,0,1991421,620,1,0,1.45,0.0,inf,2016946,3822,0.19,South-East Asia
Barbados,102383,559,0,101824,17,0,0,0.55,0.0,inf,102119,264,0.26,Americas
Belarus,994037,7118,0,986919,0,0,0,0.72,0.0,inf,994037,0,0.0,Europe
Belgium,4525931,32647,0,4493284,0,0,0,0.72,0.0,inf,4511590,14341,0.32,Europe
Belize,68784,683,0,68101,41,0,0,0.99,0.0,inf,68704,80,0.12,Americas
Benin,27638,163,0,27475,0,0,0,0.59,0.0,inf,27638,0,0.0,Africa
Bhutan,61730,21,0,61709,0,0,0,0.03,0.0,inf,61419,311,0.51,South-East Asia
Bolivia,1107689,22229,0,1085460,0,0,0,2.01,0.0,inf,1106900,789,0.07,Americas
Bosnia and Herzegovina,398221,16119,0,382102,186,3,0,4.05,0.0,inf,397822,399,0.1,Europe
Botswana,326127,2787,0,323340,0,0,0,0.85,0.0,inf,326127,0,0.0,Africa
Brazil,34624427,685750,0,33938677,7772,73,0,1.98,0.0,inf,34568833,55594,0.16,Americas
British Virgin Islands (UK),7305,64,0,7241,0,0,0,0.88,0.0,inf,7305,0,0.0,Americas
Brunei,226237,225,0,226012,0,0,0,0.1,0.0,inf,224610,1627,0.72,Western Pacific
Bulgaria,1254682,37697,0,1216985,748,3,0,3.0,0.0,inf,1251331,3351,0.27,Europe
Burkina Faso,21128,387,0,20741,0,0,0,1.83,0.0,inf,21128,0,0.0,Africa
Burma,620744,19453,0,601291,300,1,0,3.13,0.0,inf,618303,2441,0.39,South-East Asia
Burundi,50066,38,0,50028,26,0,0,0.08,0.0,inf,49882,184,0.37,Africa
Cabo Verde,62358,410,0,61948,2,0,0,0.66,0.0,inf,62352,6,0.01,Africa
Cambodia,137827,3056,0,134771,3,0,0,2.22,0.0,inf,137752,75,0.05,Western Pacific
Cameroon,121652,1935,0,119717,0,0,0,1.59,0.0,inf,121652,0,0.0,Africa
Canada,4262433,45217,0,4217216,3063,37,0,1.06,0.0,inf,4243995,18438,0.43,Americas
Cayman Islands (UK),30545,31,0,30514,0,0,0,0.1,0.0,inf,30545,0,0.0,Americas
Central African Republic,14904,113,0,14791,0,0,0,0.76,0.0,inf,14904,0,0.0,Africa
Chad,7573,193,0,7380,0,0,0,2.55,0.0,inf,7560,13,0.17,Africa
Chile,4599179,61017,0,4538162,4660,43,0,1.33,0.0,inf,4568495,30684,0.67,Americas
China,2722353,15331,0,2707022,6276,165,0,0.56,0.0,inf,2671881,50472,1.89,Western Pacific
Colombia,6306552,141769,0,6164783,0,0,0,2.25,0.0,inf,6305562,990,0.02,Americas
Comoros,8471,161,0,8310,0,0,0,1.9,0.0,inf,8467,4,0.05,Africa
Congo (Brazzaville),24837,386,0,24451,0,0,0,1.55,0.0,inf,24837,0,0.0,Africa
Congo (Kinshasa),92852,1442,0,91410,0,0,0,1.55,0.0,inf,92751,101,0.11,Africa
Costa Rica,1111969,8933,0,1103036,0,0,0,0.8,0.0,inf,1105792,6177,0.56,Americas
Cote d'Ivoire,87123,823,0,86300,29,0,0,0.94,0.0,inf,87009,114,0.13,Africa
Croatia,1227852,16867,0,1210985,655,6,0,1.37,0.0,inf,1223641,4211,0.34,Europe
Cuba,1111109,8530,0,1102579,13,0,0,0.77,0.0,inf,1110990,119,0.01,Americas
Curacao (NL),45357,287,0,45070,0,0,0,0.63,0.0,inf,45345,12,0.03,Americas
Cyprus,585313,1180,0,584133,2932,2,0,0.2,0.0,inf,582381,2932,0.5,Europe
Czechia,4089884,41009,0,4048875,2883,10,0,1.0,0.0,inf,4073515,16369,0.4,Europe
Denmark,3291284,7026,0,3284258,1306,5,0,0.21,0.0,inf,3285290,5994,0.18,Europe
Djibouti,15690,189,0,15501,0,0,0,1.2,0.0,inf,15690,0,0.0,Eastern Mediterranean
Dominica,14852,68,0,14784,0,0,0,0.46,0.0,inf,14852,0,0.0,Americas
Dominican Republic,644356,4384,0,639972,0,0,0,0.68,0.0,inf,641677,2679,0.42,Americas
Ecuador,1002057,35887,0,966170,0,0,0,3.58,0.0,inf,1000214,1843,0.18,Americas
Egypt,515645,24797,0,490848,0,0,0,4.81,0.0,inf,515645,0,0.0,Eastern Mediterranean
El Salvador,201785,4229,0,197556,0,0,0,2.1,0.0,inf,201785,0,0.0,Americas
Equatorial Guinea,17009,183,0,16826,3,0,0,1.08,0.0,inf,16991,18,0.11,Africa
Eritrea,10168,103,0,10065,0,0,0,1.01,0.0,inf,10164,4,0.04,Africa
Estonia,600796,2667,0,598129,0,0,0,0.44,0.0,inf,599596,1200,0.2,Europe
Eswatini,73379,1422,0,71957,0,0,0,1.94,0.0,inf,73374,5,0.01,Africa
Ethiopia,493498,7572,0,485926,8,0,0,1.53,0.0,inf,493423,75,0.02,Africa
Falkland Islands (Malvinas) (UK),1886,0,0,1886,0,0,0,0.0,0.0,0.0,1886,0,0.0,Africa
Faroe Islands (DK),34658,28,0,34630,0,0,0,0.08,0.0,inf,34658,0,0.0,Europe
Fiji,68234,878,0,67356,0,0,0,1.29,0.0,inf,68223,11,0.02,Western Pacific
Finland,1287044,5928,0,1281116,0,0,0,0.46,0.0,inf,1277473,9571,0.75,Europe
France,34203230,151766,0,34051464,36160,25,0,0.44,0.0,inf,33977012,226218,0.67,Europe
French Guiana,93925,410,0,93515,0,0,0,0.44,0.0,inf,93925,0,0.0,Americas
French Polynesia,76588,649,0,75939,0,0,0,0.85,0.0,inf,76578,10,0.01,Western Pacific
Gabon,48691,306,0,48385,9,0,0,0.63,0.0,inf,48668,23,0.05,Africa
Gambia,12508,372,0,12136,0,0,0,2.97,0.0,inf,12508,0,0.0,Africa
Georgia,1780691,16900,0,1763791,0,0,0,0.95,0.0,inf,1762206,18485,1.05,Europe
Germany,32952050,149458,0,32802592,46964,90,0,0.45,0.0,inf,32680355,271695,0.83,Europe
Ghana,168813,1459,0,167354,0,0,0,0.86,0.0,inf,168616,197,0.12,Africa
Gibraltar (UK),20092,108,0,19984,0,0,0,0.54,0.0,inf,20069,23,0.11,Europe
Greece,4875215,33010,0,4842205,0,0,0,0.68,0.0,inf,4838811,36404,0.75,Europe
Greenland (DK),11971,21,0,11950,0,0,0,0.18,0.0,inf,11971,0,0.0,Europe
Grenada,19516,236,0,19280,0,0,0,1.21,0.0,inf,19473,43,0.22,Americas
Guadeloupe (FR),191997,986,0,191011,0,0,0,0.51,0.0,inf,191997,0,0.0,Americas
Guatemala,1119277,19748,0,1099529,985,3,0,1.76,0.0,inf,1114803,4474,0.4,Americas
Guinea,37652,449,0,37203,0,0,0,1.19,0.0,inf,37652,0,0.0,Africa
Guinea-Bissau,8796,175,0,8621,0,0,0,1.99,0.0,inf,8796,0,0.0,Africa
Guyana,71311,1281,0,70030,7,0,0,1.8,0.0,inf,71243,68,0.1,Americas
Haiti,33733,857,0,32876,0,0,0,2.54,0.0,inf,33721,12,0.04,Americas
Holy See,29,0,0,29,0,0,0,0.0,0.0,0.0,29,0,0.0,Europe
Honduras,456106,10992,0,445114,0,0,0,2.41,0.0,inf,455836,270,0.06,Americas
Hungary,2082750,47457,0,2035293,0,0,0,2.28,0.0,inf,2070443,12307,0.59,Europe
Iceland,205454,213,0,205241,0,0,0,0.1,0.0,inf,205284,170,0.08,Europe
India,44563337,528487,0,44034850,4912,38,0,1.19,0.0,inf,44528524,34813,0.08,South-East Asia
Indonesia,6419394,157986,0,6261408,1904,20,0,2.46,0.0,inf,6405044,14350,0.22,South-East Asia
Iran,7546276,144367,0,7401909,421,3,0,1.91,0.0,inf,7542230,4046,0.05,Eastern Mediterranean
Iraq,2459249,25352,0,2433897,0,0,0,1.03,0.0,inf,2458509,740,0.03,Eastern Mediterranean
Ireland,1662008,7922,0,1654086,0,0,0,0.48,0.0,inf,1660635,1373,0.08,Europe
Israel,4655355,11687,0,4643668,0,0,0,0.25,0.0,inf,4648673,6682,0.14,Europe
Italy,22262452,176824,0,22085628,21083,49,0,0.79,0.0,inf,22131785,130667,0.59,Europe
Jamaica,151542,3304,0,148238,36,3,0,2.18,0.0,inf,151130,412,0.27,Americas
Japan,20974356,44284,0,20930072,63838,87,0,0.21,0.0,inf,20558655,415701,2.02,Western Pacific
Jordan,1745032,14116,0,1730916,0,0,0,0.81,0.0,inf,1742256,2776,0.16,Eastern Mediterranean
Kazakhstan,1483024,19048,0,1463976,121,0,0,1.28,0.0,inf,1482250,774,0.05,Europe
Kenya,338379,5675,0,332704,0,0,0,1.68,0.0,inf,338324,55,0.02,Africa
Kiribati,3430,13,0,3417,0,0,0,0.38,0.0,inf,3430,0,0.0,Western Pacific
"Korea, North",1,6,0,-5,0,0,0,600.0,0.0,inf,1,0,0.0,
Kosovo,272040,3199,0,268841,15,0,0,1.18,0.0,inf,271989,51,0.02,Europe
Kuwait,658520,2563,0,655957,0,0,0,0.39,0.0,inf,657745,775,0.12,Eastern Mediterranean
Kyrgyzstan,205998,2991,0,203007,0,0,0,1.45,0.0,inf,205920,78,0.04,Europe
Laos,215691,758,0,214933,37,0,0,0.35,0.0,inf,215322,369,0.17,Western Pacific
Latvia,921974,5981,0,915993,1429,1,0,0.65,0.0,inf,913371,8603,0.94,Europe
Lebanon,1214561,10666,0,1203895,153,2,0,0.88,0.0,inf,1213589,972,0.08,Eastern Mediterranean
Lesotho,34490,706,0,33784,0,0,0,2.05,0.0,inf,34490,0,0.0,Africa
Liberia,7961,294,0,7667,0,0,0,3.69,0.0,inf,7929,32,0.4,Africa
Libya,506954,6437,0,500517,5,0,0,1.27,0.0,inf,506922,32,0.01,Eastern Mediterranean
Liechtenstein,19490,86,0,19404,0,0,0,0.44,0.0,inf,19419,71,0.37,Europe
Lithuania,1242730,9313,0,1233417,1233,4,0,0.75,0.0,inf,1233862,8868,0.72,Europe
Luxembourg,289831,1127,0,288704,198,0,0,0.39,0.0,inf,288721,1110,0.38,Europe
Madagascar,66660,1410,0,65250,0,0,0,2.12,0.0,inf,66652,8,0.01,Africa
Malawi,88005,2680,0,85325,8,0,0,3.05,0.0,inf,87946,59,0.07,Africa
Malaysia,4828290,36345,0,4791945,2070,3,0,0.75,0.0,inf,4815679,12611,0.26,Western Pacific
Maldives,185004,308,0,184696,0,0,0,0.17,0.0,inf,184966,38,0.02,South-East Asia
Mali,32595,741,0,31854,3,1,0,2.27,0.0,inf,32478,117,0.36,Africa
Malta,114534,804,0,113730,31,0,0,0.7,0.0,inf,114368,166,0.15,Europe
Marshall Islands,15224,17,0,15207,0,0,0,0.11,0.0,inf,15213,11,0.07,Western Pacific
Martinique (FR),219529,1036,0,218493,0,0,0,0.47,0.0,inf,219529,0,0.0,Americas
Mauritania,62789,994,0,61795,2,0,0,1.58,0.0,inf,62780,9,0.01,Africa
Mauritius,260947,1024,0,259923,0,0,0,0.39,0.0,inf,260947,0,0.0,Africa
Mayotte (FR),40243,187,0,40056,39,0,0,0.46,0.0,inf,40161,82,0.2,Africa
Mexico,7080152,330017,0,6750135,4147,68,0,4.66,0.0,inf,7059936,20216,0.29,Americas
Micronesia,10057,31,0,10026,0,0,0,0.31,0.0,inf,10010,47,0.47,Western Pacific
Moldova,587023,11821,0,575202,0,0,0,2.01,0.0,inf,583183,3840,0.66,Europe
Monaco,14541,63,0,14478,9,0,0,0.43,0.0,inf,14501,40,0.28,Europe
Mongolia,982551,2131,0,980420,73,0,0,0.22,0.0,inf,981963,588,0.06,Western Pacific
Montenegro,279134,2781,0,276353,142,1,0,1.0,0.0,inf,278134,1000,0.36,Europe
Montserrat (UK),1381,8,0,1373,0,0,0,0.58,0.0,inf,1326,55,4.15,Americas
Morocco,1264850,16278,0,1248572,10,0,0,1.29,0.0,inf,1264743,107,0.01,Eastern Mediterranean
Mozambique,230219,2222,0,227997,0,0,0,0.97,0.0,inf,230192,27,0.01,Africa
Namibia,169253,4080,0,165173,0,0,0,2.41,0.0,inf,169253,0,0.0,Africa
Nauru,4611,1,0,4610,0,0,0,0.02,0.0,inf,4611,0,0.0,Western Pacific
Nepal,999506,12016,0,987490,53,0,0,1.2,0.0,inf,999181,325,0.03,South-East Asia
Netherlands,8415337,22637,0,8392700,5382,7,0,0.27,0.0,inf,8405459,9878,0.12,Europe
New Zealand,1776163,1973,0,1774190,0,0,0,0.11,0.0,inf,1768593,7570,0.43,Western Pacific
Nicaragua,15045,245,0,14800,0,0,0,1.63,0.0,inf,14990,55,0.37,Americas
Niger,9395,313,0,9082,0,0,0,3.33,0.0,inf,9390,5,0.05,Africa
Nigeria,265090,3155,0,261935,0,0,0,1.19,0.0,inf,264744,346,0.13,Africa
North Macedonia,342519,9527,0,332992,50,1,0,2.78,0.0,inf,342075,444,0.13,Europe
Norway,1461884,4065,0,1457819,74,0,0,0.28,0.0,inf,1461461,423,0.03,Europe
Oman,397993,4628,0,393365,0,0,0,1.16,0.0,inf,397993,0,0.0,Eastern Mediterranean
Pakistan,1572269,30612,0,1541657,375,5,0,1.95,0.0,inf,1571732,537,0.03,Eastern Mediterranean
Palau,5445,6,0,5439,0,0,0,0.11,0.0,inf,5430,15,0.28,Western Pacific
Panama,985814,8490,0,977324,0,0,0,0.86,0.0,inf,984234,1580,0.16,Americas
Papua New Guinea,44959,664,0,44295,5,0,0,1.48,0.0,inf,44931,28,0.06,Western Pacific
Paraguay,716059,19583,0,696476,50,19,0,2.73,0.0,inf,716009,50,0.01,Americas
Peru,4138979,216429,0,3922550,0,0,0,5.23,0.0,inf,4131137,7842,0.19,Americas
Philippines,3932155,62730,0,3869425,2336,35,0,1.6,0.0,inf,3916162,15993,0.41,Western Pacific
Poland,6268049,117431,0,6150618,4433,19,0,1.87,0.0,inf,6238544,29505,0.47,Europe
Portugal,5476059,24991,0,5451068,3102,7,0,0.46,0.0,inf,5456778,19281,0.35,Europe
Qatar,445749,682,0,445067,722,0,0,0.15,0.0,inf,440060,5689,1.29,Eastern Mediterranean
Reunion (FR),475948,892,0,475056,1325,8,0,0.19,0.0,inf,474623,1325,0.28,Africa
Romania,3260555,66968,0,3193587,1227,6,0,2.05,0.0,inf,3249108,11447,0.35,Europe
Russia,20396766,378730,0,20018036,52938,102,0,1.86,0.0,inf,20029220,367546,1.84,Europe
Rwanda,132521,1466,0,131055,0,0,0,1.11,0.0,inf,132481,40,0.03,Africa
Saint Kitts and Nevis,6543,46,0,6497,0,0,0,0.7,0.0,inf,6541,2,0.03,Americas
Saint Lucia,28959,393,0,28566,0,0,0,1.36,0.0,inf,28959,0,0.0,Americas
Saint Pierre and Miquelon (FR),3188,1,0,3187,0,0,0,0.03,0.0,inf,3166,22,0.69,Americas
Saint Vincent and the Grenadines,9448,116,0,9332,0,0,0,1.23,0.0,inf,9446,2,0.02,Americas
Samoa,15925,29,0,15896,0,0,0,0.18,0.0,inf,15889,36,0.23,Western Pacific
San Marino,20646,118,0,20528,18,0,0,0.57,0.0,inf,20552,94,0.46,Europe
Sao Tome and Principe,6209,77,0,6132,0,0,0,1.24,0.0,inf,6193,16,0.26,Africa
Saudi Arabia,815686,9340,0,806346,77,3,0,1.15,0.0,inf,815035,651,0.08,Eastern Mediterranean
Senegal,88324,1968,0,86356,6,0,0,2.23,0.0,inf,88230,94,0.11,Africa
Serbia,2345665,16931,0,2328734,2195,9,0,0.72,0.0,inf,2330341,15324,0.66,Europe
Seychelles,46358,169,0,46189,0,0,0,0.36,0.0,inf,46358,0,0.0,Africa
Sierra Leone,7751,126,0,7625,0,0,0,1.63,0.0,inf,7750,1,0.01,Africa
Singapore,1887202,1609,0,1885593,2343,0,0,0.09,0.0,inf,1871900,15302,0.82,Western Pacific
Sint Maarten (NL),10859,87,0,10772,0,0,0,0.8,0.0,inf,10855,4,0.04,Americas
Slovakia,2619905,20443,0,2599462,749,2,0,0.78,0.0,inf,2614999,4906,0.19,Europe
Slovenia,1168036,6809,0,1161227,1972,0,0,0.58,0.0,inf,1153964,14072,1.22,Europe
Solomon Islands,21544,153,0,21391,0,0,0,0.71,0.0,inf,21544,0,0.0,Western Pacific
Somalia,27207,1361,0,25846,0,0,0,5.0,0.0,inf,27197,10,0.04,Eastern Mediterranean
South Africa,4017163,102169,0,3914994,152,0,0,2.54,0.0,inf,4015626,1537,0.04,Africa
South Korea,24594336,28140,0,24566196,29315,63,0,0.11,0.0,inf,24359702,234634,0.96,Western Pacific
South Sudan,17823,138,0,17685,0,0,0,0.77,0.0,inf,17823,0,0.0,Africa
Spain,13403502,114009,0,13289493,10306,164,0,0.85,0.0,inf,13384876,18626,0.14,Europe
Sri Lanka,670685,16753,0,653932,17,1,0,2.5,0.0,inf,670570,115,0.02,South-East Asia
Sudan,63285,4961,0,58324,0,0,0,7.84,0.0,inf,63275,10,0.02,Eastern Mediterranean
Summer Olympics 2020,865,0,0,865,0,0,0,0.0,0.0,0.0,865,0,0.0,
Suriname,81099,1385,0,79714,0,0,0,1.71,0.0,inf,81078,21,0.03,Americas
Sweden,2583370,20178,0,2563192,0,0,0,0.78,0.0,inf,2578521,4849,0.19,Europe
Switzerland,4087087,13998,0,4073089,0,0,0,0.34,0.0,inf,4073348,13739,0.34,Europe
Syria,57265,3163,0,54102,4,0,0,5.52,0.0,inf,57211,54,0.09,Eastern Mediterranean
Taiwan*,6172769,10743,0,6162026,39975,41,0,0.17,0.0,inf,5891355,281414,4.78,Western Pacific
Tajikistan,17786,125,0,17661,0,0,0,0.7,0.0,inf,17786,0,0.0,Europe
Tanzania,39341,845,0,38496,0,0,0,2.15,0.0,inf,39253,88,0.22,Africa
Thailand,4677697,32706,0,4644991,607,14,0,0.7,0.0,inf,4672910,4787,0.1,South-East Asia
Timor-Leste,23248,138,0,23110,1,0,0,0.59,0.0,inf,23239,9,0.04,South-East Asia
Togo,38901,284,0,38617,37,0,0,0.73,0.0,inf,38703,198,0.51,Africa
Tonga,16182,12,0,16170,0,0,0,0.07,0.0,inf,16182,0,0.0,Western Pacific
Trinidad and Tobago,182597,4195,0,178402,0,0,0,2.3,0.0,inf,182043,554,0.3,Americas
Tunisia,1145345,29246,0,1116099,0,0,0,2.55,0.0,inf,1145163,182,0.02,Eastern Mediterranean
Turkey,16852382,101068,0,16751314,0,0,0,0.6,0.0,inf,16852382,0,0.0,Europe
Turks and Caicos Islands (UK),6380,36,0,6344,0,0,0,0.56,0.0,inf,6380,0,0.0,Americas
Tuvalu,20,0,0,20,0,0,0,0.0,0.0,0.0,20,0,0.0,Western Pacific
US,96056075,1056372,0,94999703,85160,450,0,1.1,0.0,inf,95656432,399643,0.42,Americas
Uganda,169396,3630,0,165766,0,0,0,2.14,0.0,inf,169396,0,0.0,Africa
Ukraine,5431208,116866,0,5314342,37080,92,0,2.15,0.0,inf,5391216,39992,0.74,Europe
United Arab Emirates,1024845,2342,0,1022503,388,0,0,0.23,0.0,inf,1022066,2779,0.27,Eastern Mediterranean
United Kingdom,23769059,206996,0,23562063,319,0,0,0.87,0.0,inf,23731941,37118,0.16,Europe
Uruguay,984152,7473,0,976679,0,0,0,0.76,0.0,inf,982846,1306,0.13,Americas
Uzbekistan,244120,1637,0,242483,15,0,0,0.67,0.0,inf,244023,97,0.04,Europe
Vanuatu,11950,14,0,11936,0,0,0,0.12,0.0,inf,11937,13,0.11,Western Pacific
Venezuela,544355,5814,0,538541,45,0,0,1.07,0.0,inf,544090,265,0.05,Americas
Vietnam,11470164,43146,0,11427018,2545,0,0,0.38,0.0,inf,11454079,16085,0.14,Western Pacific
West Bank and Gaza,702768,5707,0,697061,0,0,0,0.81,0.0,inf,702768,0,0.0,Eastern Mediterranean
Winter Olympics 2022,535,0,0,535,0,0,0,0.0,0.0,0.0,535,0,0.0,
Yemen,11934,2157,0,9777,0,0,0,18.07,0.0,inf,11932,2,0.02,Eastern Mediterranean
Zambia,333439,4017,0,329422,0,0,0,1.2,0.0,inf,333363,76,0.02,Africa
Zimbabwe,257289,5599,0,251690,30,1,0,2.18,0.0,inf,256939,350,0.14,Africa
