Country,Confirmed,Deaths,Recovered,Active,New cases,New deaths,New recovered,Deaths / 100 Cases,Recovered / 100 Cases,Deaths / 100 Recovered,Confirmed last week,1 week change,1 week % increase,WHO Region
Afghanistan,197608,7796,0,189812,174,0,0,3.95,0.0,inf,196404,1204,0.61,Eastern Mediterranean
Albania,331715,3589,0,328126,114,1,0,1.08,0.0,inf,331191,524,0.16,Europe
Algeria,270612,6879,0,263733,0,0,0,2.54,0.0,inf,270551,61,0.02,Africa
Andorra,46147,155,0,45992,0,0,0,0.34,0.0,inf,46113,34,0.07,Europe
Angola,103131,1917,0,101214,0,0,0,1.86,0.0,inf,103131,0,0.0,Africa
Anguilla (UK),3858,12,0,3846,2,0,0,0.31,0.0,inf,3851,7,0.18,Americas
Antarctica,11,0,0,11,0,0,0,0.0,0.0,0.0,11,0,0.0,
Antigua and Barbuda,9008,145,0,8863,0,0,0,1.61,0.0,inf,8974,34,0.38,Americas
Argentina,9703938,129855,0,9574083,0,0,0,1.34,0.0,inf,9697763,6175,0.06,Americas
Armenia,441444,8679,0,432765,0,0,0,1.97,0.0,inf,439302,2142,0.49,Europe
Aruba (NL),42970,228,0,42742,0,0,0,0.53,0.0,inf,42970,0,0.0,Americas
Australia,10162809,14787,0,10148022,1568,4,0,0.15,0.0,inf,10122875,39934,0.39,Western Pacific
Austria,5033797,20683,0,5013114,6058,6,0,0.41,0.0,inf,5009501,24296,0.48,Europe
Azerbaijan,819847,9893,0,809954,259,7,0,1.21,0.0,inf,818263,1584,0.19,Europe
Bahamas,37213,833,0,36380,10,0,0,2.24,0.0,inf,37156,57,0.15,Americas
Bahrain,676846,1520,0,675326,395,0,0,0.22,0.0,inf,674621,2225,0.33,Eastern Mediterranean
Bangladesh,2018829,29345,0,1989484,614,5,0,1.45,0.0,inf,2015743,3086,0.15,South-East Asia
Barbados,102279,559,0,101720,49,0,0,0.55,0.0,inf,101979,300,0.29,Americas
Belarus,994037,7118,0,986919,0,0,0,0.72,0.0,inf,994037,0,0.0,Europe
Belgium,4517212,32636,0,4484576,5622,11,0,0.72,0.0,inf,4504106,13106,0.29,Europe
Belize,68743,683,0,68060,39,3,0,0.99,0.0,inf,68612,131,0.19,Americas
Benin,27638,163,0,27475,0,0,0,0.59,0.0,inf,27490,148,0.54,Africa
Bhutan,61730,21,0,61709,0,0,0,0.03,0.0,inf,61419,311,0.51,South-East Asia
Bolivia,1107456,22229,0,1085227,255,1,0,2.01,0.0,inf,1106319,1137,0.1,Americas
Bosnia and Herzegovina,397949,16114,0,381835,127,6,0,4.05,0.0,inf,397467,482,0.12,Europe
Botswana,326127,2787,0,323340,0,0,0,0.85,0.0,inf,326127,0,0.0,Africa
Brazil,34592027,685428,0,33906599,0,4,0,1.98,0.0,inf,34544377,47650,0.14,Americas
British Virgin Islands (UK),7305,64,0,7241,0,0,0,0.88,0.0,inf,7305,0,0.0,Americas
Brunei,226237,225,0,226012,1627,0,0,0.1,0.0,inf,223059,3178,1.42,Western Pacific
Bulgaria,1253233,37688,0,1215545,618,6,0,3.01,0.0,inf,1249706,3527,0.28,Europe
Burkina Faso,21128,387,0,20741,0,0,0,1.83,0.0,inf,21128,0,0.0,Africa
Burma,619566,19450,0,600116,399,2,0,3.14,0.0,inf,617355,2211,0.36,South-East Asia
Burundi,50026,38,0,49988,69,0,0,0.08,0.0,inf,49370,656,1.33,Africa
Cabo Verde,62356,410,0,61946,2,0,0,0.66,0.0,inf,62346,10,0.02,Africa
Cambodia,137778,3056,0,134722,7,0,0,2.22,0.0,inf,137735,43,0.03,Western Pacific
Cameroon,121652,1935,0,119717,0,0,0,1.59,0.0,inf,121652,0,0.0,Africa
Canada,4249785,45032,0,4204753,4132,21,0,1.06,0.0,inf,4229973,19812,0.47,Americas
Cayman Islands (UK),30545,31,0,30514,0,0,0,0.1,0.0,inf,30380,165,0.54,Americas
Central African Republic,14904,113,0,14791,0,0,0,0.76,0.0,inf,14883,21,0.14,Africa
Chad,7573,193,0,7380,2,0,0,2.55,0.0,inf,7560,13,0.17,Africa
Chile,4588533,60950,0,4527583,20038,128,0,1.33,0.0,inf,4568495,20038,0.44,Americas
China,2702866,15140,0,2687726,6339,7,0,0.56,0.0,inf,2644191,58675,2.22,Western Pacific
Colombia,6305562,141746,0,6163816,0,0,0,2.25,0.0,inf,6304317,1245,0.02,Americas
Comoros,8471,161,0,8310,0,0,0,1.9,0.0,inf,8455,16,0.19,Africa
Congo (Brazzaville),24837,386,0,24451,0,0,0,1.55,0.0,inf,24837,0,0.0,Africa
Congo (Kinshasa),92809,1442,0,91367,0,1,0,1.55,0.0,inf,92751,58,0.06,Africa
Costa Rica,1111969,8933,0,1103036,6177,20,0,0.8,0.0,inf,1105792,6177,0.56,Americas
Cote d'Ivoire,87073,823,0,86250,37,1,0,0.95,0.0,inf,86941,132,0.15,Africa
Croatia,1225365,16854,0,1208511,480,5,0,1.38,0.0,inf,1220986,4379,0.36,Europe
Cuba,1111067,8530,0,1102537,22,0,0,0.77,0.0,inf,1110927,140,0.01,Americas
Curacao (NL),45345,287,0,45058,0,0,0,0.63,0.0,inf,45318,27,0.06,Americas
Cyprus,582381,1178,0,581203,0,0,0,0.2,0.0,inf,579899,2482,0.43,Europe
Czechia,4078065,40967,0,4037098,0,0,0,1.0,0.0,inf,4062740,15325,0.38,Europe
Denmark,3288050,7006,0,3281044,962,2,0,0.21,0.0,inf,3282837,5213,0.16,Europe
Djibouti,15690,189,0,15501,0,0,0,1.2,0.0,inf,15690,0,0.0,Eastern Mediterranean
Dominica,14852,68,0,14784,0,0,0,0.46,0.0,inf,14852,0,0.0,Americas
Dominican Republic,644356,4384,0,639972,340,0,0,0.68,0.0,inf,641677,2679,0.42,Americas
Ecuador,1002057,35887,0,966170,1843,2,0,3.58,0.0,inf,998202,3855,0.39,Americas
Egypt,515645,24797,0,490848,0,0,0,4.81,0.0,inf,515645,0,0.0,Eastern Mediterranean
El Salvador,201785,4228,0,197557,0,0,0,2.1,0.0,inf,201785,0,0.0,Americas
Equatorial Guinea,16994,183,0,16811,3,0,0,1.08,0.0,inf,16970,24,0.14,Africa
Eritrea,10164,103,0,10061,0,0,0,1.01,0.0,inf,10163,1,0.01,Africa
Estonia,600796,2667,0,598129,1200,6,0,0.44,0.0,inf,599596,1200,0.2,Europe
Eswatini,73379,1422,0,71957,0,0,0,1.94,0.0,inf,73374,5,0.01,Africa
Ethiopia,493461,7572,0,485889,5,0,0,1.53,0.0,inf,493367,94,0.02,Africa
Falkland Islands (Malvinas) (UK),1886,0,0,1886,0,0,0,0.0,0.0,0.0,1886,0,0.0,Africa
Faroe Islands (DK),34658,28,0,34630,0,0,0,0.08,0.0,inf,34658,0,0.0,Europe
Fiji,68223,878,0,67345,0,0,0,1.29,0.0,inf,68207,16,0.02,Western Pacific
Finland,1277473,5858,0,1271615,0,0,0,0.46,0.0,inf,1271516,5957,0.47,Europe
France,34090303,151678,0,33938625,51816,48,0,0.44,0.0,inf,33888100,202203,0.6,Europe
French Guiana,93925,410,0,93515,0,0,0,0.44,0.0,inf,93837,88,0.09,Americas
French Polynesia,76588,649,0,75939,10,0,0,0.85,0.0,inf,76560,28,0.04,Western Pacific
Gabon,48682,306,0,48376,0,0,0,0.63,0.0,inf,48668,14,0.03,Africa
Gambia,12508,372,0,12136,0,0,0,2.97,0.0,inf,12508,0,0.0,Africa
Georgia,1762206,16900,0,1745306,0,0,0,0.96,0.0,inf,1762206,0,0.0,Europe
Germany,32797308,149169,0,32648139,56715,90,0,0.45,0.0,inf,32558479,238829,0.73,Europe
Ghana,168813,1459,0,167354,0,0,0,0.86,0.0,inf,168616,197,0.12,Africa
Gibraltar (UK),20069,108,0,19961,0,0,0,0.54,0.0,inf,20069,0,0.0,Europe
Greece,4875215,33010,0,4842205,36404,116,0,0.68,0.0,inf,4838811,36404,0.75,Europe
Greenland (DK),11971,21,0,11950,0,0,0,0.18,0.0,inf,11971,0,0.0,Europe
Grenada,19516,236,0,19280,43,0,0,1.21,0.0,inf,19473,43,0.22,Americas
Guadeloupe (FR),191997,986,0,191011,0,0,0,0.51,0.0,inf,191997,0,0.0,Americas
Guatemala,1116046,19732,0,1096314,1055,10,0,1.77,0.0,inf,1112550,3496,0.31,Americas
Guinea,37652,449,0,37203,0,0,0,1.19,0.0,inf,37652,0,0.0,Africa
Guinea-Bissau,8796,175,0,8621,0,0,0,1.99,0.0,inf,8796,0,0.0,Africa
Guyana,71280,1281,0,69999,17,0,0,1.8,0.0,inf,71209,71,0.1,Americas
Haiti,33721,857,0,32864,0,0,0,2.54,0.0,inf,33702,19,0.06,Americas
Holy See,29,0,0,29,0,0,0,0.0,0.0,0.0,29,0,0.0,Europe
Honduras,456035,10992,0,445043,199,0,0,2.41,0.0,inf,455669,366,0.08,Americas
Hungary,2070443,47409,0,2023034,0,0,0,2.29,0.0,inf,2058847,11596,0.56,Europe
Iceland,205454,213,0,205241,170,0,0,0.1,0.0,inf,205284,170,0.08,Europe
India,44545011,528403,0,44016608,1922,33,0,1.19,0.0,inf,44510057,34954,0.08,South-East Asia
Indonesia,6412944,157930,0,6255014,2518,15,0,2.46,0.0,inf,6397236,15708,0.25,South-East Asia
Iran,7544540,144344,0,7400196,992,25,0,1.91,0.0,inf,7540316,4224,0.06,Eastern Mediterranean
Iraq,2459249,25352,0,2433897,71,0,0,1.03,0.0,inf,2458509,740,0.03,Eastern Mediterranean
Ireland,1660635,7901,0,1652734,0,0,0,0.48,0.0,inf,1659034,1601,0.1,Europe
Israel,4653167,11681,0,4641486,1399,0,0,0.25,0.0,inf,4645165,8002,0.17,Europe
Italy,22197658,176669,0,22020989,28385,60,0,0.8,0.0,inf,22077601,120057,0.54,Europe
Jamaica,151375,3298,0,148077,35,2,0,2.18,0.0,inf,150909,466,0.31,Americas
Japan,20763364,43969,0,20719395,31712,127,0,0.21,0.0,inf,20296689,466675,2.3,Western Pacific
Jordan,1745032,14116,0,1730916,0,0,0,0.81,0.0,inf,1742256,2776,0.16,Eastern Mediterranean
Kazakhstan,1482628,19048,0,1463580,64,0,0,1.28,0.0,inf,1481908,720,0.05,Europe
Kenya,338365,5675,0,332690,18,0,0,1.68,0.0,inf,338307,58,0.02,Africa
Kiribati,3430,13,0,3417,0,0,0,0.38,0.0,inf,3430,0,0.0,Western Pacific
"Korea, North",1,6,0,-5,0,0,0,600.0,0.0,inf,1,0,0.0,
Kosovo,272005,3199,0,268806,4,0,0,1.18,0.0,inf,271945,60,0.02,Europe
Kuwait,657745,2563,0,655182,0,0,0,0.39,0.0,inf,657745,0,0.0,Eastern Mediterranean
Kyrgyzstan,205998,2991,0,203007,0,0,0,1.45,0.0,inf,205920,78,0.04,Europe
Laos,215555,758,0,214797,50,0,0,0.35,0.0,inf,215157,398,0.18,Western Pacific
Latvia,917595,5974,0,911621,1313,3,0,0.65,0.0,inf,908852,8743,0.96,Europe
Lebanon,1214164,10662,0,1203502,262,3,0,0.88,0.0,inf,1212983,1181,0.1,Eastern Mediterranean
Lesotho,34490,706,0,33784,0,0,0,2.05,0.0,inf,34287,203,0.59,Africa
Liberia,7961,294,0,7667,4,0,0,3.69,0.0,inf,7929,32,0.4,Africa
Libya,506941,6437,0,500504,9,0,0,1.27,0.0,inf,506898,43,0.01,Eastern Mediterranean
Liechtenstein,19463,86,0,19377,24,0,0,0.44,0.0,inf,19349,114,0.59,Europe
Lithuania,1238195,9308,0,1228887,2726,2,0,0.75,0.0,inf,1229048,9147,0.74,Europe
Luxembourg,289164,1127,0,288037,299,0,0,0.39,0.0,inf,288658,506,0.18,Europe
Madagascar,66660,1410,0,65250,0,0,0,2.12,0.0,inf,66652,8,0.01,Africa
Malawi,87981,2680,0,85301,0,0,0,3.05,0.0,inf,87943,38,0.04,Africa
Malaysia,4821864,36324,0,4785540,1667,7,0,0.75,0.0,inf,4808896,12968,0.27,Western Pacific
Maldives,185004,308,0,184696,0,0,0,0.17,0.0,inf,184966,38,0.02,South-East Asia
Mali,32548,740,0,31808,16,0,0,2.27,0.0,inf,32330,218,0.67,Africa
Malta,114443,804,0,113639,18,0,0,0.7,0.0,inf,114304,139,0.12,Europe
Marshall Islands,15224,17,0,15207,11,0,0,0.11,0.0,inf,15177,47,0.31,Western Pacific
Martinique (FR),219529,1036,0,218493,0,0,0,0.47,0.0,inf,219529,0,0.0,Americas
Mauritania,62784,994,0,61790,0,0,0,1.58,0.0,inf,62778,6,0.01,Africa
Mauritius,260947,1024,0,259923,0,0,0,0.39,0.0,inf,260947,0,0.0,Africa
Mayotte (FR),40204,187,0,40017,0,0,0,0.47,0.0,inf,40161,43,0.11,Africa
Mexico,7073203,329920,0,6743283,3439,25,0,4.66,0.0,inf,7059936,13267,0.19,Americas
Micronesia,10036,31,0,10005,26,1,0,0.31,0.0,inf,9463,573,6.06,Western Pacific
Moldova,586966,11821,0,575145,3783,13,0,2.01,0.0,inf,579110,7856,1.36,Europe
Monaco,14521,63,0,14458,20,0,0,0.43,0.0,inf,14451,70,0.48,Europe
Mongolia,982347,2131,0,980216,384,1,0,0.22,0.0,inf,981200,1147,0.12,Western Pacific
Montenegro,278690,2780,0,275910,181,0,0,1.0,0.0,inf,277643,1047,0.38,Europe
Montserrat (UK),1356,8,0,1348,30,0,0,0.59,0.0,inf,1276,80,6.27,Americas
Morocco,1264807,16277,0,1248530,22,0,0,1.29,0.0,inf,1264690,117,0.01,Eastern Mediterranean
Mozambique,230219,2222,0,227997,0,0,0,0.97,0.0,inf,230180,39,0.02,Africa
Namibia,169253,4077,0,165176,0,0,0,2.41,0.0,inf,169253,0,0.0,Africa
Nauru,4611,1,0,4610,0,0,0,0.02,0.0,inf,4611,0,0.0,Western Pacific
Nepal,999355,12016,0,987339,39,0,0,1.2,0.0,inf,998957,398,0.04,South-East Asia
Netherlands,8409955,22630,0,8387325,4496,4,0,0.27,0.0,inf,8401151,8804,0.1,Europe
New Zealand,1776163,1973,0,1774190,1,0,0,0.11,0.0,inf,1768590,7573,0.43,Western Pacific
Nicaragua,15021,245,0,14776,31,1,0,1.63,0.0,inf,14990,31,0.21,Americas
Niger,9395,313,0,9082,0,0,0,3.33,0.0,inf,9385,10,0.11,Africa
Nigeria,265008,3155,0,261853,75,0,0,1.19,0.0,inf,264617,391,0.15,Africa
North Macedonia,342323,9524,0,332799,75,0,0,2.78,0.0,inf,341748,575,0.17,Europe
Norway,1461667,4065,0,1457602,74,27,0,0.28,0.0,inf,1461206,461,0.03,Europe
Oman,397993,4628,0,393365,0,0,0,1.16,0.0,inf,397993,0,0.0,Eastern Mediterranean
Pakistan,1571894,30607,0,1541287,0,0,0,1.95,0.0,inf,1571295,599,0.04,Eastern Mediterranean
Palau,5445,6,0,5439,0,0,0,0.11,0.0,inf,5430,15,0.28,Western Pacific
Panama,985814,8490,0,977324,0,0,0,0.86,0.0,inf,984234,1580,0.16,Americas
Papua New Guinea,44942,664,0,44278,5,0,0,1.48,0.0,inf,44915,27,0.06,Western Pacific
Paraguay,716009,19564,0,696445,0,0,0,2.73,0.0,inf,715806,203,0.03,Americas
Peru,4132687,216309,0,3916378,0,0,0,5.23,0.0,inf,4127612,5075,0.12,Americas
Philippines,3925326,62620,0,3862706,1599,33,0,1.6,0.0,inf,3909772,15554,0.4,Western Pacific
Poland,6253044,117367,0,6135677,7674,16,0,1.88,0.0,inf,6221132,31912,0.51,Europe
Portugal,5466249,24970,0,5441279,4361,4,0,0.46,0.0,inf,5448713,17536,0.32,Europe
Qatar,443303,682,0,442621,914,0,0,0.15,0.0,inf,437709,5594,1.28,Eastern Mediterranean
Reunion (FR),474623,884,0,473739,0,0,0,0.19,0.0,inf,472051,2572,0.54,Africa
Romania,3256352,66937,0,3189415,2303,16,0,2.06,0.0,inf,3244886,11466,0.35,Europe
Russia,20238236,378419,0,19859817,46072,95,0,1.87,0.0,inf,19864164,374072,1.88,Europe
Rwanda,132521,1466,0,131055,35,0,0,1.11,0.0,inf,132475,46,0.03,Africa
Saint Kitts and Nevis,6541,46,0,6495,0,0,0,0.7,0.0,inf,6532,9,0.14,Americas
Saint Lucia,28959,393,0,28566,0,0,0,1.36,0.0,inf,28894,65,0.22,Americas
Saint Pierre and Miquelon (FR),3188,1,0,3187,22,0,0,0.03,0.0,inf,3166,22,0.69,Americas
Saint Vincent and the Grenadines,9448,116,0,9332,2,0,0,1.23,0.0,inf,9446,2,0.02,Americas
Samoa,15889,29,0,15860,0,0,0,0.18,0.0,inf,15889,0,0.0,Western Pacific
San Marino,20593,118,0,20475,26,0,0,0.57,0.0,inf,20533,60,0.29,Europe
Sao Tome and Principe,6209,77,0,6132,16,1,0,1.24,0.0,inf,6193,16,0.26,Africa
Saudi Arabia,815431,9333,0,806098,105,1,0,1.14,0.0,inf,814722,709,0.09,Eastern Mediterranean
Senegal,88299,1968,0,86331,31,0,0,2.23,0.0,inf,88224,75,0.09,Africa
Serbia,2338834,16902,0,2321932,2466,11,0,0.72,0.0,inf,2321849,16985,0.73,Europe
Seychelles,46358,169,0,46189,0,0,0,0.36,0.0,inf,46358,0,0.0,Africa
Sierra Leone,7751,126,0,7625,1,0,0,1.63,0.0,inf,7749,2,0.03,Africa
Singapore,1879806,1609,0,1878197,3222,1,0,0.09,0.0,inf,1864742,15064,0.81,Western Pacific
Sint Maarten (NL),10859,87,0,10772,4,0,0,0.8,0.0,inf,10855,4,0.04,Americas
Slovakia,2617274,20439,0,2596835,1061,3,0,0.78,0.0,inf,2580748,36526,1.42,Europe
Slovenia,1161178,6808,0,1154370,3475,3,0,0.59,0.0,inf,1146802,14376,1.25,Europe
Solomon Islands,21544,153,0,21391,0,0,0,0.71,0.0,inf,21544,0,0.0,Western Pacific
Somalia,27207,1361,0,25846,0,0,0,5.0,0.0,inf,27197,10,0.04,Eastern Mediterranean
South Africa,4016157,102146,0,3914011,0,0,0,2.54,0.0,inf,4014724,1433,0.04,Africa
South Korea,24502968,27950,0,24475018,41231,59,0,0.11,0.0,inf,24099134,403834,1.68,Western Pacific
South Sudan,17823,138,0,17685,0,0,0,0.77,0.0,inf,17823,0,0.0,Africa
Spain,13393196,113845,0,13279351,8320,120,0,0.85,0.0,inf,13374116,19080,0.14,Europe
Sri Lanka,670641,16748,0,653893,24,0,0,2.5,0.0,inf,670501,140,0.02,South-East Asia
Sudan,63285,4961,0,58324,0,0,0,7.84,0.0,inf,63275,10,0.02,Eastern Mediterranean
Summer Olympics 2020,865,0,0,865,0,0,0,0.0,0.0,0.0,865,0,0.0,
Suriname,81099,1385,0,79714,21,1,0,1.71,0.0,inf,81078,21,0.03,Americas
Sweden,2578521,20100,0,2558421,0,0,0,0.78,0.0,inf,2573548,4973,0.19,Europe
Switzerland,4087087,13996,0,4073091,13739,1,0,0.34,0.0,inf,4073348,13739,0.34,Europe
Syria,57227,3163,0,54064,0,0,0,5.53,0.0,inf,57189,38,0.07,Eastern Mediterranean
Taiwan*,6043539,10604,0,6032935,44679,25,0,0.18,0.0,inf,5754683,288856,5.02,Western Pacific
Tajikistan,17786,125,0,17661,0,0,0,0.7,0.0,inf,17786,0,0.0,Europe
Tanzania,39253,845,0,38408,0,0,0,2.15,0.0,inf,39168,85,0.22,Africa
Thailand,4675532,32668,0,4642864,1129,13,0,0.7,0.0,inf,4670184,5348,0.11,South-East Asia
Timor-Leste,23245,138,0,23107,3,0,0,0.59,0.0,inf,23227,18,0.08,South-East Asia
Togo,38804,284,0,38520,24,0,0,0.73,0.0,inf,38657,147,0.38,Africa
Tonga,16182,12,0,16170,0,0,0,0.07,0.0,inf,16182,0,0.0,Western Pacific
Trinidad and Tobago,182480,4194,0,178286,174,0,0,2.3,0.0,inf,181567,913,0.5,Americas
Tunisia,1145345,29246,0,1116099,182,3,0,2.55,0.0,inf,1145163,182,0.02,Eastern Mediterranean
Turkey,16852382,101068,0,16751314,0,0,0,0.6,0.0,inf,16852382,0,0.0,Europe
Turks and Caicos Islands (UK),6380,36,0,6344,0,0,0,0.56,0.0,inf,6372,8,0.13,Americas
Tuvalu,20,0,0,20,0,0,0,0.0,0.0,0.0,20,0,0.0,Western Pacific
US,95776398,1054271,0,94722127,63035,431,0,1.1,0.0,inf,95353219,423179,0.44,Americas
Uganda,169396,3630,0,165766,0,2,0,2.14,0.0,inf,169396,0,0.0,Africa
Ukraine,5393218,116770,0,5276448,402,3,0,2.17,0.0,inf,5365512,27706,0.52,Europe
United Arab Emirates,1023719,2342,0,1021377,370,0,0,0.23,0.0,inf,1020789,2930,0.29,Eastern Mediterranean
United Kingdom,23731941,206615,-1,23525327,0,-315,0,0.87,-0.0,-20661500.0,23700703,31238,0.13,Europe
Uruguay,984152,7473,0,976679,0,0,0,0.76,0.0,inf,982846,1306,0.13,Americas
Uzbekistan,244072,1637,0,242435,12,0,0,0.67,0.0,inf,243981,91,0.04,Europe
Vanuatu,11950,14,0,11936,0,0,0,0.12,0.0,inf,11921,29,0.24,Western Pacific
Venezuela,544270,5814,0,538456,22,2,0,1.07,0.0,inf,543832,438,0.08,Americas
Vietnam,11463404,43142,0,11420262,3177,1,0,0.38,0.0,inf,11444927,18477,0.16,Western Pacific
West Bank and Gaza,702768,5707,0,697061,0,0,0,0.81,0.0,inf,702591,177,0.03,Eastern Mediterranean
Winter Olympics 2022,535,0,0,535,0,0,0,0.0,0.0,0.0,535,0,0.0,
Yemen,11932,2155,0,9777,0,0,0,18.06,0.0,inf,11932,0,0.0,Eastern Mediterranean
Zambia,333387,4017,0,329370,0,0,0,1.2,0.0,inf,333274,113,0.03,Africa
Zimbabwe,257156,5598,0,251558,66,0,0,2.18,0.0,inf,256904,252,0.1,Africa
