Country,Confirmed,Deaths,Recovered,Active,New cases,New deaths,New recovered,Deaths / 100 Cases,Recovered / 100 Cases,Deaths / 100 Recovered,Confirmed last week,1 week change,1 week % increase,WHO Region
Afghanistan,207239,7845,0,199394,49,0,0,3.79,0.0,inf,206879,360,0.17,Eastern Mediterranean
Albania,333708,3594,0,330114,0,0,0,1.08,0.0,inf,333613,95,0.03,Europe
Algeria,271190,6881,0,264309,4,0,0,2.54,0.0,inf,271156,34,0.01,Africa
Andorra,47686,165,0,47521,0,0,0,0.35,0.0,inf,47606,80,0.17,Europe
Angola,104973,1928,0,103045,0,0,0,1.84,0.0,inf,104946,27,0.03,Africa
Anguilla (UK),3904,12,0,3892,0,0,0,0.31,0.0,inf,3904,0,0.0,Americas
Antarctica,11,0,0,11,0,0,0,0.0,0.0,0.0,11,0,0.0,
Antigua and Barbuda,9106,146,0,8960,0,0,0,1.6,0.0,inf,9106,0,0.0,Americas
Argentina,9829236,130080,0,9699156,0,0,0,1.32,0.0,inf,9766975,62261,0.64,Americas
Armenia,445881,8712,0,437169,0,0,0,1.95,0.0,inf,445881,0,0.0,Europe
Aruba (NL),43752,280,0,43472,0,0,0,0.64,0.0,inf,43693,59,0.14,Americas
Australia,11068107,16916,0,11051191,81149,160,0,0.15,0.0,inf,10950647,117460,1.07,Western Pacific
Austria,5668157,21348,0,5646809,5569,3,0,0.38,0.0,inf,5634944,33213,0.59,Europe
Azerbaijan,825737,10002,0,815735,81,3,0,1.21,0.0,inf,825150,587,0.07,Europe
Bahamas,37491,833,0,36658,0,0,0,2.22,0.0,inf,37491,0,0.0,Americas
Bahrain,698136,1539,0,696597,108,0,0,0.22,0.0,inf,697697,439,0.06,Eastern Mediterranean
Bangladesh,2037003,29438,0,2007565,16,0,0,1.45,0.0,inf,2036881,122,0.01,South-East Asia
Barbados,104944,568,0,104376,0,0,0,0.54,0.0,inf,104944,0,0.0,Americas
Belarus,994037,7118,0,986919,0,0,0,0.72,0.0,inf,994037,0,0.0,Europe
Belgium,4668248,33228,0,4635020,3767,17,0,0.71,0.0,inf,4658298,9950,0.21,Europe
Belize,69675,688,0,68987,0,0,0,0.99,0.0,inf,69376,299,0.43,Americas
Benin,27982,163,0,27819,0,0,0,0.58,0.0,inf,27980,2,0.01,Africa
Bhutan,62524,21,0,62503,0,0,0,0.03,0.0,inf,62521,3,0.0,South-East Asia
Bolivia,1143829,22277,0,1121552,5986,3,0,1.95,0.0,inf,1127584,16245,1.44,Americas
Bosnia and Herzegovina,400867,16221,0,384646,25,1,0,4.05,0.0,inf,400754,113,0.03,Europe
Botswana,327511,2794,0,324717,0,0,0,0.85,0.0,inf,327061,450,0.14,Africa
Brazil,36092845,692652,0,35400193,48404,191,0,1.92,0.0,inf,35809832,283013,0.79,Americas
British Virgin Islands (UK),7305,64,0,7241,0,0,0,0.88,0.0,inf,7305,0,0.0,Americas
Brunei,266819,225,0,266594,0,0,0,0.08,0.0,inf,264490,2329,0.88,Western Pacific
Bulgaria,1290967,38089,0,1252878,147,5,0,2.95,0.0,inf,1289869,1098,0.09,Europe
Burkina Faso,22006,395,0,21611,0,0,0,1.79,0.0,inf,21631,375,1.73,Africa
Burma,633590,19489,0,614101,5,0,0,3.08,0.0,inf,633521,69,0.01,South-East Asia
Burundi,51722,38,0,51684,0,0,0,0.07,0.0,inf,51481,241,0.47,Africa
Cabo Verde,63185,412,0,62773,4,0,0,0.65,0.0,inf,63150,35,0.06,Africa
Cambodia,138467,3056,0,135411,10,0,0,2.21,0.0,inf,138347,120,0.09,Western Pacific
Cameroon,123993,1965,0,122028,0,0,0,1.58,0.0,inf,123993,0,0.0,Africa
Canada,4493459,48992,0,4444467,8861,75,0,1.09,0.0,inf,4474274,19185,0.43,Americas
Cayman Islands (UK),31472,37,0,31435,0,0,0,0.12,0.0,inf,31359,113,0.36,Americas
Central African Republic,15311,113,0,15198,0,0,0,0.74,0.0,inf,15311,0,0.0,Africa
Chad,7649,194,0,7455,0,0,0,2.54,0.0,inf,7648,1,0.01,Africa
Chile,4997056,62963,0,4934093,4931,50,0,1.26,0.0,inf,4971853,25203,0.51,Americas
China,4333417,16589,0,4316828,19705,0,0,0.38,0.0,inf,4199891,133526,3.18,Western Pacific
Colombia,6322281,141881,0,6180400,0,0,0,2.24,0.0,inf,6322281,0,0.0,Americas
Comoros,8979,161,0,8818,0,0,0,1.79,0.0,inf,8979,0,0.0,Africa
Congo (Brazzaville),25375,386,0,24989,0,0,0,1.52,0.0,inf,25375,0,0.0,Africa
Congo (Kinshasa),94970,1461,0,93509,0,0,0,1.54,0.0,inf,94714,256,0.27,Africa
Costa Rica,1156497,9059,0,1147438,0,0,0,0.78,0.0,inf,1152466,4031,0.35,Americas
Cote d'Ivoire,87919,830,0,87089,3,0,0,0.94,0.0,inf,87909,10,0.01,Africa
Croatia,1260837,17492,0,1243345,544,9,0,1.39,0.0,inf,1258420,2417,0.19,Europe
Cuba,1111757,8530,0,1103227,25,0,0,0.77,0.0,inf,1111594,163,0.01,Americas
Curacao (NL),45986,299,0,45687,0,0,0,0.65,0.0,inf,45986,0,0.0,Americas
Cyprus,625562,1250,0,624312,0,0,0,0.2,0.0,inf,622102,3460,0.56,Europe
Czechia,4576016,42054,0,4533962,796,10,0,0.92,0.0,inf,4571137,4879,0.11,Europe
Denmark,3379211,7691,0,3371520,1731,11,0,0.23,0.0,inf,3370728,8483,0.25,Europe
Djibouti,15690,189,0,15501,0,0,0,1.2,0.0,inf,15690,0,0.0,Eastern Mediterranean
Dominica,15760,74,0,15686,0,0,0,0.47,0.0,inf,15760,0,0.0,Americas
Dominican Republic,655540,4384,0,651156,0,0,0,0.67,0.0,inf,654759,781,0.12,Americas
Ecuador,1031449,35940,0,995509,6535,0,0,3.48,0.0,inf,1024914,6535,0.64,Americas
Egypt,515645,24801,0,490844,0,0,0,4.81,0.0,inf,515645,0,0.0,Eastern Mediterranean
El Salvador,201785,4230,0,197555,0,0,0,2.1,0.0,inf,201785,0,0.0,Americas
Equatorial Guinea,17186,183,0,17003,0,0,0,1.06,0.0,inf,17186,0,0.0,Africa
Eritrea,10189,103,0,10086,0,0,0,1.01,0.0,inf,10189,0,0.0,Africa
Estonia,611291,2837,0,608454,0,0,0,0.46,0.0,inf,610473,818,0.13,Europe
Eswatini,73992,1422,0,72570,0,0,0,1.92,0.0,inf,73962,30,0.04,Africa
Ethiopia,496778,7572,0,489206,243,0,0,1.52,0.0,inf,495747,1031,0.21,Africa
Falkland Islands (Malvinas) (UK),1930,0,0,1930,0,0,0,0.0,0.0,0.0,1930,0,0.0,Africa
Faroe Islands (DK),34658,28,0,34630,0,0,0,0.08,0.0,inf,34658,0,0.0,Europe
Fiji,68625,878,0,67747,0,0,0,1.28,0.0,inf,68553,72,0.11,Western Pacific
Finland,1438205,7933,0,1430272,9759,150,0,0.55,0.0,inf,1428446,9759,0.68,Europe
France,38150051,157808,0,37992243,49469,120,0,0.41,0.0,inf,37821920,328131,0.87,Europe
French Guiana,97526,411,0,97115,0,0,0,0.42,0.0,inf,97097,429,0.44,Americas
French Polynesia,77875,649,0,77226,0,0,0,0.83,0.0,inf,77704,171,0.22,Western Pacific
Gabon,48973,306,0,48667,0,0,0,0.62,0.0,inf,48973,0,0.0,Africa
Gambia,12586,372,0,12214,0,0,0,2.96,0.0,inf,12586,0,0.0,Africa
Georgia,1808820,16897,0,1791923,735,2,0,0.93,0.0,inf,1808085,735,0.04,Europe
Germany,37177845,160611,0,37017234,41431,187,0,0.43,0.0,inf,36946574,231271,0.63,Europe
Ghana,171038,1461,0,169577,0,0,0,0.85,0.0,inf,171023,15,0.01,Africa
Gibraltar (UK),20252,110,0,20142,0,0,0,0.54,0.0,inf,20207,45,0.22,Europe
Greece,5548487,34779,0,5513708,0,0,0,0.63,0.0,inf,5500737,47750,0.87,Europe
Greenland (DK),11971,21,0,11950,0,0,0,0.18,0.0,inf,11971,0,0.0,Europe
Grenada,19644,238,0,19406,0,0,0,1.21,0.0,inf,19644,0,0.0,Americas
Guadeloupe (FR),198608,997,0,197611,0,0,0,0.5,0.0,inf,198608,0,0.0,Americas
Guatemala,1193391,19989,0,1173402,2781,2,0,1.67,0.0,inf,1179809,13582,1.15,Americas
Guinea,38191,465,0,37726,0,0,0,1.22,0.0,inf,38191,0,0.0,Africa
Guinea-Bissau,8848,176,0,8672,0,0,0,1.99,0.0,inf,8848,0,0.0,Africa
Guyana,71963,1286,0,70677,0,0,0,1.79,0.0,inf,71757,206,0.29,Americas
Haiti,33893,860,0,33033,17,0,0,2.54,0.0,inf,33876,17,0.05,Americas
Holy See,29,0,0,29,0,0,0,0.0,0.0,0.0,29,0,0.0,Europe
Honduras,463685,11063,0,452622,0,0,0,2.39,0.0,inf,461988,1697,0.37,Americas
Hungary,2181419,48439,0,2132980,0,0,0,2.22,0.0,inf,2176249,5170,0.24,Europe
Iceland,207974,229,0,207745,0,0,0,0.11,0.0,inf,207101,873,0.42,Europe
India,44677902,530690,0,44147212,163,9,0,1.19,0.0,inf,44676832,1070,0.0,South-East Asia
Indonesia,6713879,160488,0,6553391,1053,22,0,2.39,0.0,inf,6706053,7826,0.12,South-East Asia
Iran,7560667,144672,0,7415995,38,0,0,1.91,0.0,inf,7560323,344,0.0,Eastern Mediterranean
Iraq,2465107,25373,0,2439734,0,0,0,1.03,0.0,inf,2464375,732,0.03,Eastern Mediterranean
Ireland,1687668,8293,0,1679375,0,0,0,0.49,0.0,inf,1684717,2951,0.18,Europe
Israel,4754246,11987,0,4742259,1799,6,0,0.25,0.0,inf,4745169,9077,0.19,Europe
Italy,24884034,183138,0,24700896,0,0,0,0.74,0.0,inf,24709404,174630,0.71,Europe
Jamaica,152758,3461,0,149297,0,0,0,2.27,0.0,inf,152669,89,0.06,Americas
Japan,27787924,54373,0,27733551,184375,339,0,0.2,0.0,inf,26690393,1097531,4.11,Western Pacific
Jordan,1746997,14122,0,1732875,0,0,0,0.81,0.0,inf,1746997,0,0.0,Eastern Mediterranean
Kazakhstan,1488306,19057,0,1469249,0,0,0,1.28,0.0,inf,1488306,0,0.0,Europe
Kenya,342444,5688,0,336756,26,0,0,1.66,0.0,inf,342248,196,0.06,Africa
Kiribati,3430,13,0,3417,0,0,0,0.38,0.0,inf,3430,0,0.0,Western Pacific
"Korea, North",1,6,0,-5,0,0,0,600.0,0.0,inf,1,0,0.0,
Kosovo,272243,3202,0,269041,5,0,0,1.18,0.0,inf,272226,17,0.01,Europe
Kuwait,662747,2570,0,660177,0,0,0,0.39,0.0,inf,662747,0,0.0,Eastern Mediterranean
Kyrgyzstan,206557,2991,0,203566,0,0,0,1.45,0.0,inf,206553,4,0.0,Europe
Laos,217611,758,0,216853,25,0,0,0.35,0.0,inf,217373,238,0.11,Western Pacific
Latvia,972195,6140,0,966055,338,1,0,0.63,0.0,inf,969930,2265,0.23,Europe
Lebanon,1221874,10743,0,1211131,83,0,0,0.88,0.0,inf,1221370,504,0.04,Eastern Mediterranean
Lesotho,34490,706,0,33784,0,0,0,2.05,0.0,inf,34490,0,0.0,Africa
Liberia,8043,294,0,7749,0,0,0,3.66,0.0,inf,8041,2,0.02,Africa
Libya,507121,6437,0,500684,0,0,0,1.27,0.0,inf,507112,9,0.0,Eastern Mediterranean
Liechtenstein,21228,88,0,21140,0,0,0,0.41,0.0,inf,21145,83,0.39,Europe
Lithuania,1285267,9459,0,1275808,1089,0,0,0.74,0.0,inf,1282485,2782,0.22,Europe
Luxembourg,311435,1177,0,310258,400,2,0,0.38,0.0,inf,309818,1617,0.52,Europe
Madagascar,67684,1415,0,66269,0,0,0,2.09,0.0,inf,67621,63,0.09,Africa
Malawi,88220,2685,0,85535,0,0,0,3.04,0.0,inf,88220,0,0.0,Africa
Malaysia,5021242,36824,0,4984418,858,3,0,0.73,0.0,inf,5014885,6357,0.13,Western Pacific
Maldives,185666,311,0,185355,0,0,0,0.17,0.0,inf,185651,15,0.01,South-East Asia
Mali,32767,743,0,32024,0,0,0,2.27,0.0,inf,32764,3,0.01,Africa
Malta,116196,812,0,115384,19,1,0,0.7,0.0,inf,116059,137,0.12,Europe
Marshall Islands,15547,17,0,15530,0,0,0,0.11,0.0,inf,15547,0,0.0,Western Pacific
Martinique (FR),224826,1076,0,223750,0,0,0,0.48,0.0,inf,224826,0,0.0,Americas
Mauritania,63425,997,0,62428,0,0,0,1.57,0.0,inf,63425,0,0.0,Africa
Mauritius,289980,1039,0,288941,0,0,0,0.36,0.0,inf,287999,1981,0.69,Africa
Mayotte (FR),41969,187,0,41782,48,0,0,0.45,0.0,inf,41853,116,0.28,Africa
Mexico,7196485,330834,0,6865651,0,0,0,4.6,0.0,inf,7174464,22021,0.31,Americas
Micronesia,22203,58,0,22145,0,0,0,0.26,0.0,inf,22203,0,0.0,Western Pacific
Moldova,596193,11929,0,584264,0,0,0,2.0,0.0,inf,595745,448,0.08,Europe
Monaco,15897,65,0,15832,17,0,0,0.41,0.0,inf,15816,81,0.51,Europe
Mongolia,1007250,2135,0,1005115,0,0,0,0.21,0.0,inf,1006929,321,0.03,Western Pacific
Montenegro,284472,2790,0,281682,35,0,0,0.98,0.0,inf,284258,214,0.08,Europe
Montserrat (UK),1403,8,0,1395,0,0,0,0.57,0.0,inf,1403,0,0.0,Americas
Morocco,1271097,16294,0,1254803,80,0,0,1.28,0.0,inf,1270588,509,0.04,Eastern Mediterranean
Mozambique,230918,2229,0,228689,0,0,0,0.97,0.0,inf,230816,102,0.04,Africa
Namibia,170181,4080,0,166101,0,0,0,2.4,0.0,inf,169946,235,0.14,Africa
Nauru,4621,1,0,4620,0,0,0,0.02,0.0,inf,4621,0,0.0,Western Pacific
Nepal,1000962,12019,0,988943,1,0,0,1.2,0.0,inf,1000945,17,0.0,South-East Asia
Netherlands,8558983,22953,0,8536030,0,0,0,0.27,0.0,inf,8553087,5896,0.07,Europe
New Zealand,2069108,2289,0,2066819,21,0,0,0.11,0.0,inf,2026286,42822,2.11,Western Pacific
Nicaragua,15308,245,0,15063,0,0,0,1.6,0.0,inf,15308,0,0.0,Americas
Niger,9473,314,0,9159,0,0,0,3.31,0.0,inf,9434,39,0.41,Africa
Nigeria,266381,3155,0,263226,0,0,0,1.18,0.0,inf,266381,0,0.0,Africa
North Macedonia,345402,9608,0,335794,0,0,0,2.78,0.0,inf,345197,205,0.06,Europe
Norway,1473504,4670,0,1468834,297,99,0,0.32,0.0,inf,1471834,1670,0.11,Europe
Oman,399154,4628,0,394526,0,0,0,1.16,0.0,inf,399119,35,0.01,Eastern Mediterranean
Pakistan,1575651,30635,0,1545016,165,0,0,1.94,0.0,inf,1575486,165,0.01,Eastern Mediterranean
Palau,5955,9,0,5946,0,0,0,0.15,0.0,inf,5933,22,0.37,Western Pacific
Panama,1020961,8554,0,1012407,0,0,0,0.84,0.0,inf,1015970,4991,0.49,Americas
Papua New Guinea,46663,669,0,45994,0,0,0,1.43,0.0,inf,46542,121,0.26,Western Pacific
Paraguay,781111,19655,0,761456,0,0,0,2.52,0.0,inf,778895,2216,0.28,Americas
Peru,4434630,217998,0,4216632,4470,38,0,4.92,0.0,inf,4399073,35557,0.81,Americas
Philippines,4059369,65172,0,3994197,904,30,0,1.61,0.0,inf,4052967,6402,0.16,Western Pacific
Poland,6364049,118452,0,6245597,720,4,0,1.86,0.0,inf,6360240,3809,0.06,Europe
Portugal,5554058,25714,0,5528344,807,21,0,0.46,0.0,inf,5551364,2694,0.05,Europe
Qatar,487321,685,0,486636,0,0,0,0.14,0.0,inf,485781,1540,0.32,Eastern Mediterranean
Reunion (FR),484736,905,0,483831,0,0,0,0.19,0.0,inf,482906,1830,0.38,Africa
Romania,3305048,67341,0,3237707,0,0,0,2.04,0.0,inf,3301662,3386,0.1,Europe
Russia,21435797,385302,0,21050495,7409,54,0,1.8,0.0,inf,21385746,50051,0.23,Europe
Rwanda,132920,1467,0,131453,0,0,0,1.1,0.0,inf,132811,109,0.08,Africa
Saint Kitts and Nevis,6560,46,0,6514,0,0,0,0.7,0.0,inf,6559,1,0.02,Americas
Saint Lucia,29741,409,0,29332,0,0,0,1.38,0.0,inf,29729,12,0.04,Americas
Saint Pierre and Miquelon (FR),3306,2,0,3304,0,0,0,0.06,0.0,inf,3306,0,0.0,Americas
Saint Vincent and the Grenadines,9521,118,0,9403,0,0,0,1.24,0.0,inf,9500,21,0.22,Americas
Samoa,15975,29,0,15946,0,0,0,0.18,0.0,inf,15970,5,0.03,Western Pacific
San Marino,22813,120,0,22693,0,0,0,0.53,0.0,inf,22615,198,0.88,Europe
Sao Tome and Principe,6279,77,0,6202,0,0,0,1.23,0.0,inf,6279,0,0.0,Africa
Saudi Arabia,826711,9503,0,817208,44,1,0,1.15,0.0,inf,826410,301,0.04,Eastern Mediterranean
Senegal,88896,1968,0,86928,0,0,0,2.21,0.0,inf,88891,5,0.01,Africa
Serbia,2438130,17480,0,2420650,893,1,0,0.72,0.0,inf,2432914,5216,0.21,Europe
Seychelles,50355,172,0,50183,0,0,0,0.34,0.0,inf,50355,0,0.0,Africa
Sierra Leone,7760,126,0,7634,0,0,0,1.62,0.0,inf,7760,0,0.0,Africa
Singapore,2193890,1710,0,2192180,1200,0,0,0.08,0.0,inf,2186214,7676,0.35,Western Pacific
Sint Maarten (NL),10988,89,0,10899,0,0,0,0.81,0.0,inf,10964,24,0.22,Americas
Slovakia,2655504,20794,0,2634710,228,2,0,0.78,0.0,inf,2653925,1579,0.06,Europe
Slovenia,1296066,6980,0,1289086,2331,3,0,0.54,0.0,inf,1283998,12068,0.94,Europe
Solomon Islands,24575,153,0,24422,0,0,0,0.62,0.0,inf,24575,0,0.0,Western Pacific
Somalia,27300,1361,0,25939,0,0,0,4.99,0.0,inf,27300,0,0.0,Eastern Mediterranean
South Africa,4047273,102568,0,3944705,287,0,0,2.53,0.0,inf,4046150,1123,0.03,Africa
South Korea,28534558,31674,0,28502884,68168,63,0,0.11,0.0,inf,28062679,471879,1.68,Western Pacific
South Sudan,18368,138,0,18230,0,0,0,0.75,0.0,inf,18368,0,0.0,Africa
Spain,13651239,116658,0,13534581,0,0,0,0.85,0.0,inf,13632635,18604,0.14,Europe
Sri Lanka,671838,16814,0,655024,7,0,0,2.5,0.0,inf,671793,45,0.01,South-East Asia
Sudan,63686,4994,0,58692,0,0,0,7.84,0.0,inf,63663,23,0.04,Eastern Mediterranean
Summer Olympics 2020,865,0,0,865,0,0,0,0.0,0.0,0.0,865,0,0.0,
Suriname,81581,1393,0,80188,0,0,0,1.71,0.0,inf,81581,0,0.0,Americas
Sweden,2665176,21627,0,2643549,13474,263,0,0.81,0.0,inf,2651702,13474,0.51,Europe
Switzerland,4386815,14166,0,4372649,0,0,0,0.32,0.0,inf,4373011,13804,0.32,Europe
Syria,57423,3163,0,54260,0,0,0,5.51,0.0,inf,57423,0,0.0,Eastern Mediterranean
Taiwan*,8644555,14999,0,8629556,19875,4,0,0.17,0.0,inf,8531911,112644,1.32,Western Pacific
Tajikistan,17786,125,0,17661,0,0,0,0.7,0.0,inf,17786,0,0.0,Europe
Tanzania,42111,845,0,41266,0,0,0,2.01,0.0,inf,40806,1305,3.2,Africa
Thailand,4718908,33505,0,4685403,0,0,0,0.71,0.0,inf,4715489,3419,0.07,South-East Asia
Timor-Leste,23386,138,0,23248,0,0,0,0.59,0.0,inf,23379,7,0.03,South-East Asia
Togo,39340,290,0,39050,1,0,0,0.74,0.0,inf,39339,1,0.0,Africa
Tonga,16182,12,0,16170,0,0,0,0.07,0.0,inf,16182,0,0.0,Western Pacific
Trinidad and Tobago,185882,4277,0,181605,0,0,0,2.3,0.0,inf,185708,174,0.09,Americas
Tunisia,1147477,29279,0,1118198,0,0,0,2.55,0.0,inf,1147282,195,0.02,Eastern Mediterranean
Turkey,16919638,101203,0,16818435,0,0,0,0.6,0.0,inf,16919638,0,0.0,Europe
Turks and Caicos Islands (UK),6479,36,0,6443,16,0,0,0.56,0.0,inf,6463,16,0.25,Americas
Tuvalu,2805,0,0,2805,0,0,0,0.0,0.0,0.0,2805,0,0.0,Western Pacific
US,100303927,1090014,0,99213913,93913,581,0,1.09,0.0,inf,99836690,467237,0.47,Americas
Uganda,169810,3630,0,166180,0,0,0,2.14,0.0,inf,169810,0,0.0,Africa
Ukraine,5657885,118614,0,5539271,42,0,0,2.1,0.0,inf,5657504,381,0.01,Europe
United Arab Emirates,1046418,2348,0,1044070,59,0,0,0.22,0.0,inf,1045895,523,0.05,Eastern Mediterranean
United Kingdom,24289875,213727,0,24076148,46042,101,0,0.88,0.0,inf,24242613,47262,0.19,Europe
Uruguay,1002988,7552,0,995436,0,0,0,0.75,0.0,inf,998047,4941,0.5,Americas
Uzbekistan,249139,1637,0,247502,94,0,0,0.66,0.0,inf,248503,636,0.26,Europe
Vanuatu,12013,14,0,11999,2,0,0,0.12,0.0,inf,11981,32,0.27,Western Pacific
Venezuela,549548,5830,0,543718,170,0,0,1.06,0.0,inf,548570,978,0.18,Americas
Vietnam,11523780,43182,0,11480598,213,1,0,0.37,0.0,inf,11522097,1683,0.01,Western Pacific
West Bank and Gaza,703228,5708,0,697520,0,0,0,0.81,0.0,inf,703228,0,0.0,Eastern Mediterranean
Winter Olympics 2022,535,0,0,535,0,0,0,0.0,0.0,0.0,535,0,0.0,
Yemen,11945,2159,0,9786,0,0,0,18.07,0.0,inf,11945,0,0.0,Eastern Mediterranean
Zambia,333905,4019,0,329886,159,0,0,1.2,0.0,inf,333746,159,0.05,Africa
Zimbabwe,259981,5637,0,254344,0,0,0,2.17,0.0,inf,259356,625,0.24,Africa
