Country,Confirmed,Deaths,Recovered,Active,New cases,New deaths,New recovered,Deaths / 100 Cases,Recovered / 100 Cases,Deaths / 100 Recovered,Confirmed last week,1 week change,1 week % increase,WHO Region
Afghanistan,174582,7623,0,166959,251,1,0,4.37,0.0,inf,173395,1187,0.68,Eastern Mediterranean
Albania,272210,3482,0,268728,180,4,0,1.28,0.0,inf,271527,683,0.25,Europe
Algeria,265265,6855,0,258410,38,2,0,2.58,0.0,inf,264855,410,0.15,Africa
Andorra,38434,151,0,38283,0,0,0,0.39,0.0,inf,37999,435,1.14,Europe
Angola,98806,1900,0,96906,10,0,0,1.92,0.0,inf,98701,105,0.11,Africa
Anguilla (UK),2555,9,0,2546,0,0,0,0.35,0.0,inf,2528,27,1.07,Americas
Antarctica,11,0,0,11,0,0,0,0.0,0.0,0.0,11,0,0.0,
Antigua and Barbuda,7455,135,0,7320,0,0,0,1.81,0.0,inf,7437,18,0.24,Americas
Argentina,8936602,126768,0,8809834,2274,60,0,1.42,0.0,inf,8897178,39424,0.44,Americas
Armenia,421341,8536,0,412805,115,8,0,2.03,0.0,inf,419693,1648,0.39,Europe
Aruba (NL),33732,212,0,33520,0,0,0,0.63,0.0,inf,33676,56,0.17,Americas
Australia,3384217,5425,0,3378792,22182,9,0,0.16,0.0,inf,3209599,174618,5.44,Western Pacific
Austria,2867760,15008,0,2852752,28463,22,0,0.52,0.0,inf,2659532,208228,7.83,Europe
Azerbaijan,789332,9518,0,779814,374,18,0,1.21,0.0,inf,785301,4031,0.51,Europe
Bahamas,33171,771,0,32400,2,0,0,2.32,0.0,inf,33129,42,0.13,Americas
Bahrain,527135,1458,0,525677,1964,0,0,0.28,0.0,inf,512306,14829,2.89,Eastern Mediterranean
Bangladesh,1947266,29085,0,1918181,529,8,0,1.49,0.0,inf,1942680,4586,0.24,South-East Asia
Barbados,56124,319,0,55805,111,0,0,0.57,0.0,inf,55031,1093,1.99,Americas
Belarus,931002,6566,0,924436,1662,16,0,0.71,0.0,inf,917468,13534,1.48,Europe
Belgium,3586292,30259,0,3556033,0,0,0,0.84,0.0,inf,3544034,42258,1.19,Europe
Belize,56876,651,0,56225,0,0,0,1.14,0.0,inf,56597,279,0.49,Americas
Benin,26575,163,0,26412,0,0,0,0.61,0.0,inf,26567,8,0.03,Africa
Bhutan,14798,7,0,14791,347,0,0,0.05,0.0,inf,12194,2604,21.35,South-East Asia
Bolivia,895098,21463,0,873635,547,8,0,2.4,0.0,inf,893223,1875,0.21,Americas
Bosnia and Herzegovina,372139,15519,0,356620,0,0,0,4.17,0.0,inf,370652,1487,0.4,Europe
Botswana,263950,2619,0,261331,0,0,0,0.99,0.0,inf,263950,0,0.0,Africa
Brazil,29056525,652438,0,28404087,15725,222,0,2.25,0.0,inf,28776794,279731,0.97,Americas
British Virgin Islands (UK),6091,62,0,6029,0,0,0,1.02,0.0,inf,6074,17,0.28,Americas
Brunei,88849,143,0,88706,4005,3,0,0.16,0.0,inf,59447,29402,49.46,Western Pacific
Bulgaria,1101326,35832,0,1065494,515,21,0,3.25,0.0,inf,1088520,12806,1.18,Europe
Burkina Faso,20751,375,0,20376,0,0,0,1.81,0.0,inf,20751,0,0.0,Africa
Burma,598446,19389,0,579057,1029,3,0,3.24,0.0,inf,586198,12248,2.09,South-East Asia
Burundi,38150,38,0,38112,0,0,0,0.1,0.0,inf,38063,87,0.23,Africa
Cabo Verde,55895,401,0,55494,3,0,0,0.72,0.0,inf,55882,13,0.02,Africa
Cambodia,132402,3041,0,129361,330,1,0,2.3,0.0,inf,129920,2482,1.91,Western Pacific
Cameroon,119322,1926,0,117396,0,0,0,1.61,0.0,inf,119240,82,0.07,Africa
Canada,3336277,37026,0,3299251,2281,29,0,1.11,0.0,inf,3293916,42361,1.29,Americas
Cayman Islands (UK),19373,17,0,19356,0,0,0,0.09,0.0,inf,19373,0,0.0,Americas
Central African Republic,14320,113,0,14207,0,0,0,0.79,0.0,inf,14187,133,0.94,Africa
Chad,7257,190,0,7067,0,0,0,2.62,0.0,inf,7248,9,0.12,Africa
Chile,3188448,43077,0,3145371,20113,122,0,1.35,0.0,inf,3041400,147048,4.83,Americas
China,582894,6643,0,576251,31335,233,0,1.14,0.0,inf,280721,302173,107.64,Western Pacific
Colombia,6071704,139091,0,5932613,1088,54,0,2.29,0.0,inf,6062701,9003,0.15,Americas
Comoros,8047,160,0,7887,0,0,0,1.99,0.0,inf,8033,14,0.17,Africa
Congo (Brazzaville),24020,378,0,23642,0,0,0,1.57,0.0,inf,23967,53,0.22,Africa
Congo (Kinshasa),86154,1335,0,84819,0,0,0,1.55,0.0,inf,85999,155,0.18,Africa
Costa Rica,814583,8082,0,806501,0,0,0,0.99,0.0,inf,802472,12111,1.51,Americas
Cote d'Ivoire,81556,795,0,80761,10,0,0,0.97,0.0,inf,81467,89,0.11,Africa
Croatia,1063828,15214,0,1048614,875,20,0,1.43,0.0,inf,1054596,9232,0.88,Europe
Cuba,1072956,8500,0,1064456,482,1,0,0.79,0.0,inf,1069387,3569,0.33,Americas
Curacao (NL),39133,264,0,38869,0,0,0,0.67,0.0,inf,38933,200,0.51,Americas
Cyprus,333238,877,0,332361,1730,2,0,0.26,0.0,inf,320160,13078,4.08,Europe
Czechia,3629515,38915,0,3590600,4578,23,0,1.07,0.0,inf,3574328,55187,1.54,Europe
Denmark,2864063,4868,0,2859195,10827,38,0,0.17,0.0,inf,2748260,115803,4.21,Europe
Djibouti,15550,189,0,15361,0,0,0,1.22,0.0,inf,15547,3,0.02,Eastern Mediterranean
Dominica,11248,61,0,11187,0,0,0,0.54,0.0,inf,11016,232,2.11,Americas
Dominican Republic,575949,4371,0,571578,66,0,0,0.76,0.0,inf,574071,1878,0.33,Americas
Ecuador,836216,35264,0,800952,0,0,0,4.22,0.0,inf,827760,8456,1.02,Americas
Egypt,490969,24197,0,466772,1093,25,0,4.93,0.0,inf,482248,8721,1.81,Eastern Mediterranean
El Salvador,156364,4088,0,152276,0,2,0,2.61,0.0,inf,147786,8578,5.8,Americas
Equatorial Guinea,15889,183,0,15706,0,0,0,1.15,0.0,inf,15877,12,0.08,Africa
Eritrea,9715,103,0,9612,0,0,0,1.06,0.0,inf,9700,15,0.15,Africa
Estonia,515708,2290,0,513418,1641,0,0,0.44,0.0,inf,492149,23559,4.79,Europe
Eswatini,69298,1391,0,67907,1,0,0,2.01,0.0,inf,69130,168,0.24,Africa
Ethiopia,468966,7476,0,461490,36,0,0,1.59,0.0,inf,468674,292,0.06,Africa
Falkland Islands (Malvinas) (UK),115,0,0,115,0,0,0,0.0,0.0,0.0,109,6,5.5,Africa
Faroe Islands (DK),34658,28,0,34630,0,0,0,0.08,0.0,inf,34237,421,1.23,Europe
Fiji,64019,834,0,63185,0,0,0,1.3,0.0,inf,63756,263,0.41,Western Pacific
Finland,671773,2387,0,669386,0,0,0,0.36,0.0,inf,637729,34044,5.34,Europe
France,22510055,136595,0,22373460,45328,32,0,0.61,0.0,inf,22154796,355259,1.6,Europe
French Guiana,77765,392,0,77373,0,0,0,0.5,0.0,inf,77625,140,0.18,Americas
French Polynesia,68425,642,0,67783,0,0,0,0.94,0.0,inf,65583,2842,4.33,Western Pacific
Gabon,47559,303,0,47256,0,0,0,0.64,0.0,inf,47534,25,0.05,Africa
Gambia,11948,365,0,11583,0,0,0,3.05,0.0,inf,11924,24,0.2,Africa
Georgia,1625372,16366,0,1609006,1700,28,0,1.01,0.0,inf,1603007,22365,1.4,Europe
Germany,15897578,124131,0,15773447,67466,24,0,0.78,0.0,inf,14779825,1117753,7.56,Europe
Ghana,160028,1442,0,158586,0,0,0,0.9,0.0,inf,159124,904,0.57,Africa
Gibraltar (UK),15609,101,0,15508,0,0,0,0.65,0.0,inf,15313,296,1.93,Europe
Greece,2508472,26194,0,2482278,9213,51,0,1.04,0.0,inf,2405401,103071,4.28,Europe
Greenland (DK),11806,20,0,11786,0,0,0,0.17,0.0,inf,11715,91,0.78,Europe
Grenada,13690,216,0,13474,0,0,0,1.58,0.0,inf,13679,11,0.08,Americas
Guadeloupe (FR),124528,918,0,123610,0,0,0,0.74,0.0,inf,122211,2317,1.9,Americas
Guatemala,792503,17077,0,775426,559,4,0,2.15,0.0,inf,776991,15512,2.0,Americas
Guinea,36397,440,0,35957,0,0,0,1.21,0.0,inf,36393,4,0.01,Africa
Guinea-Bissau,8033,167,0,7866,6,0,0,2.08,0.0,inf,8001,32,0.4,Africa
Guyana,63055,1223,0,61832,15,0,0,1.94,0.0,inf,62891,164,0.26,Americas
Haiti,30385,823,0,29562,0,0,0,2.71,0.0,inf,30342,43,0.14,Americas
Holy See,29,0,0,29,0,0,0,0.0,0.0,0.0,29,0,0.0,Europe
Honduras,413699,10785,0,402914,0,0,0,2.61,0.0,inf,411212,2487,0.6,Americas
Hungary,1800046,44286,0,1755760,0,0,0,2.46,0.0,inf,1779174,20872,1.17,Europe
Iceland,140929,68,0,140861,0,0,0,0.05,0.0,inf,123373,17556,14.23,Europe
India,42967315,515102,0,42452213,4362,66,0,1.2,0.0,inf,42924130,43185,0.1,South-East Asia
Indonesia,5748725,150172,0,5598553,24867,254,0,2.61,0.0,inf,5539394,209331,3.78,South-East Asia
Iran,7089892,137948,0,6951944,5586,201,0,1.95,0.0,inf,7040467,49425,0.7,Eastern Mediterranean
Iraq,2308191,25050,0,2283141,636,9,0,1.09,0.0,inf,2301590,6601,0.29,Eastern Mediterranean
Ireland,1315100,6531,0,1308569,0,0,0,0.5,0.0,inf,1292212,22888,1.77,Europe
Israel,3673103,10282,0,3662821,3991,8,0,0.28,0.0,inf,3625738,47365,1.31,Europe
Italy,13026112,155887,0,12870225,35889,105,0,1.2,0.0,inf,12764558,261554,2.05,Europe
Jamaica,128179,2827,0,125352,13,2,0,2.21,0.0,inf,127961,218,0.17,Americas
Japan,5395143,24948,0,5370195,53897,132,0,0.46,0.0,inf,4954865,440278,8.89,Western Pacific
Jordan,1638228,13849,0,1624379,0,0,0,0.85,0.0,inf,1623474,14754,0.91,Eastern Mediterranean
Kazakhstan,1392011,18967,0,1373044,27,0,0,1.36,0.0,inf,1390441,1570,0.11,Europe
Kenya,323075,5641,0,317434,4,1,0,1.75,0.0,inf,322930,145,0.04,Africa
Kiribati,2986,11,0,2975,1,0,0,0.37,0.0,inf,2914,72,2.47,Western Pacific
Kosovo,226625,3118,0,223507,46,1,0,1.38,0.0,inf,226193,432,0.19,Europe
Kuwait,623159,2545,0,620614,670,1,0,0.41,0.0,inf,619310,3849,0.62,Eastern Mediterranean
Kyrgyzstan,200641,2966,0,197675,26,3,0,1.48,0.0,inf,200500,141,0.07,Europe
Laos,144155,628,0,143527,186,0,0,0.44,0.0,inf,142609,1546,1.08,Western Pacific
Latvia,701540,5351,0,696189,3992,3,0,0.76,0.0,inf,649504,52036,8.01,Europe
Lebanon,1078249,10152,0,1068097,1007,10,0,0.94,0.0,inf,1066840,11409,1.07,Eastern Mediterranean
Lesotho,32707,697,0,32010,0,0,0,2.13,0.0,inf,32612,95,0.29,Africa
Liberia,7384,294,0,7090,0,0,0,3.98,0.0,inf,7360,24,0.33,Africa
Libya,497958,6299,0,491659,679,11,0,1.26,0.0,inf,493548,4410,0.89,Eastern Mediterranean
Liechtenstein,12932,78,0,12854,99,0,0,0.6,0.0,inf,11809,1123,9.51,Europe
Lithuania,931824,8512,0,923312,3212,9,0,0.91,0.0,inf,900519,31305,3.48,Europe
Luxembourg,186360,996,0,185364,0,0,0,0.53,0.0,inf,181903,4457,2.45,Europe
Madagascar,63791,1373,0,62418,0,0,0,2.15,0.0,inf,63659,132,0.21,Africa
Malawi,85429,2619,0,82810,18,1,0,3.07,0.0,inf,85328,101,0.12,Africa
Malaysia,3622607,33228,0,3589379,27435,55,0,0.92,0.0,inf,3419636,202971,5.94,Western Pacific
Maldives,172576,297,0,172279,306,0,0,0.17,0.0,inf,169632,2944,1.74,South-East Asia
Mali,30398,725,0,29673,0,1,0,2.39,0.0,inf,30378,20,0.07,Africa
Malta,71899,608,0,71291,99,0,0,0.85,0.0,inf,71235,664,0.93,Europe
Marshall Islands,7,0,0,7,0,0,0,0.0,0.0,0.0,7,0,0.0,Western Pacific
Martinique (FR),116168,895,0,115273,0,0,0,0.77,0.0,inf,112115,4053,3.62,Americas
Mauritania,58649,980,0,57669,3,0,0,1.67,0.0,inf,58632,17,0.03,Africa
Mauritius,70862,786,0,70076,0,0,0,1.11,0.0,inf,70862,0,0.0,Africa
Mayotte (FR),36703,187,0,36516,0,0,0,0.51,0.0,inf,36631,72,0.2,Africa
Mexico,5563080,319824,0,5243256,8688,220,0,5.75,0.0,inf,5506105,56975,1.03,Americas
Micronesia,1,0,0,1,0,0,0,0.0,0.0,0.0,1,0,0.0,Western Pacific
Moldova,505393,11292,0,494101,518,7,0,2.23,0.0,inf,501312,4081,0.81,Europe
Monaco,9539,51,0,9488,2,0,0,0.53,0.0,inf,9359,180,1.92,Europe
Mongolia,911183,2176,0,909007,0,2,0,0.24,0.0,inf,905968,5215,0.58,Western Pacific
Montenegro,230958,2685,0,228273,71,0,0,1.16,0.0,inf,230120,838,0.36,Europe
Montserrat (UK),164,2,0,162,0,0,0,1.22,0.0,inf,163,1,0.61,Americas
Morocco,1161646,16017,0,1145629,60,2,0,1.38,0.0,inf,1160892,754,0.06,Eastern Mediterranean
Mozambique,225140,2196,0,222944,5,0,0,0.98,0.0,inf,225038,102,0.05,Africa
Namibia,157338,4013,0,153325,14,0,0,2.55,0.0,inf,157210,128,0.08,Africa
Nepal,977501,11947,0,965554,54,2,0,1.22,0.0,inf,976865,636,0.07,South-East Asia
Netherlands,6791323,21633,0,6769690,66799,4,0,0.32,0.0,inf,6353683,437640,6.89,Europe
New Zealand,240321,65,0,240256,17552,0,0,0.03,0.0,inf,86140,154181,178.99,Western Pacific
Nicaragua,18105,225,0,17880,0,0,0,1.24,0.0,inf,18004,101,0.56,Americas
Niger,8766,307,0,8459,6,0,0,3.5,0.0,inf,8751,15,0.17,Africa
Nigeria,254640,3142,0,251498,3,0,0,1.23,0.0,inf,254525,115,0.05,Africa
North Macedonia,299642,9079,0,290563,223,4,0,3.03,0.0,inf,297081,2561,0.86,Europe
Norway,1308342,1664,0,1306678,3336,0,0,0.13,0.0,inf,1231766,76576,6.22,Europe
Oman,384818,4249,0,380569,944,1,0,1.1,0.0,inf,381381,3437,0.9,Eastern Mediterranean
Pakistan,1515014,30272,0,1484742,756,7,0,2.0,0.0,inf,1509360,5654,0.37,Eastern Mediterranean
Palau,3844,6,0,3838,0,0,0,0.16,0.0,inf,3726,118,3.17,Western Pacific
Panama,757487,8111,0,749376,0,0,0,1.07,0.0,inf,755262,2225,0.29,Americas
Papua New Guinea,41421,638,0,40783,0,0,0,1.54,0.0,inf,41038,383,0.93,Western Pacific
Paraguay,643879,18471,0,625408,260,11,0,2.87,0.0,inf,641321,2558,0.4,Americas
Peru,3522484,210907,0,3311577,0,0,0,5.99,0.0,inf,3516264,6220,0.18,Americas
Philippines,3667542,57023,0,3610519,864,144,0,1.55,0.0,inf,3661049,6493,0.18,Western Pacific
Poland,5741739,112545,0,5629194,7698,10,0,1.96,0.0,inf,5660493,81246,1.44,Europe
Portugal,3332200,21199,0,3311001,10066,17,0,0.64,0.0,inf,3258409,73791,2.26,Europe
Qatar,358253,670,0,357583,170,0,0,0.19,0.0,inf,356671,1582,0.44,Eastern Mediterranean
Reunion (FR),302162,666,0,301496,0,0,0,0.22,0.0,inf,292126,10036,3.44,Africa
Romania,2768261,63961,0,2704300,3092,30,0,2.31,0.0,inf,2728727,39534,1.45,Europe
Russia,16698139,349196,0,16348943,78632,729,0,2.09,0.0,inf,16055851,642288,4.0,Europe
Rwanda,129556,1458,0,128098,5,0,0,1.13,0.0,inf,129489,67,0.05,Africa
Saint Kitts and Nevis,5536,42,0,5494,0,0,0,0.76,0.0,inf,5530,6,0.11,Americas
Saint Lucia,22779,362,0,22417,46,2,0,1.59,0.0,inf,22667,112,0.49,Americas
Saint Pierre and Miquelon (FR),1102,1,0,1101,0,0,0,0.09,0.0,inf,1070,32,2.99,Americas
Saint Vincent and the Grenadines,8316,106,0,8210,0,0,0,1.27,0.0,inf,8305,11,0.13,Americas
Samoa,33,0,0,33,0,0,0,0.0,0.0,0.0,33,0,0.0,Western Pacific
San Marino,14487,112,0,14375,0,0,0,0.77,0.0,inf,14310,177,1.24,Europe
Sao Tome and Principe,5939,72,0,5867,0,0,0,1.21,0.0,inf,5934,5,0.08,Africa
Saudi Arabia,747436,9008,0,738428,317,2,0,1.21,0.0,inf,744374,3062,0.41,Eastern Mediterranean
Senegal,85757,1961,0,83796,10,0,0,2.29,0.0,inf,85676,81,0.09,Africa
Serbia,1925618,15437,0,1910181,1641,32,0,0.8,0.0,inf,1908272,17346,0.91,Europe
Seychelles,39427,163,0,39264,0,0,0,0.41,0.0,inf,39251,176,0.45,Africa
Sierra Leone,7665,125,0,7540,0,0,0,1.63,0.0,inf,7665,0,0.0,Africa
Singapore,832821,1078,0,831743,13158,5,0,0.13,0.0,inf,710880,121941,17.15,Western Pacific
Sint Maarten (NL),9573,85,0,9488,0,0,0,0.89,0.0,inf,9548,25,0.26,Americas
Slovakia,2197979,18687,0,2179292,7380,24,0,0.85,0.0,inf,2112272,85707,4.06,Europe
Slovenia,903686,6363,0,897323,942,12,0,0.7,0.0,inf,891950,11736,1.32,Europe
Solomon Islands,8026,116,0,7910,86,1,0,1.45,0.0,inf,6937,1089,15.7,Western Pacific
Somalia,26351,1348,0,25003,0,0,0,5.12,0.0,inf,26313,38,0.14,Eastern Mediterranean
South Africa,3684319,99543,0,3584776,1147,0,0,2.7,0.0,inf,3673257,11062,0.3,Africa
South Korea,4666977,9096,0,4657881,210713,139,0,0.19,0.0,inf,3134456,1532521,48.89,Western Pacific
South Sudan,16999,137,0,16862,0,0,0,0.81,0.0,inf,16955,44,0.26,Africa
Spain,11100428,100413,0,11000015,0,0,0,0.9,0.0,inf,10977524,122904,1.12,Europe
Sri Lanka,650140,16331,0,633809,508,10,0,2.51,0.0,inf,645037,5103,0.79,South-East Asia
Sudan,61569,3912,0,57657,0,0,0,6.35,0.0,inf,61376,193,0.31,Eastern Mediterranean
Summer Olympics 2020,865,0,0,865,0,0,0,0.0,0.0,0.0,865,0,0.0,
Suriname,78511,1318,0,77193,24,0,0,1.68,0.0,inf,78123,388,0.5,Americas
Sweden,2455966,17512,0,2438454,0,0,0,0.71,0.0,inf,2441142,14824,0.61,Europe
Switzerland,2890568,13173,0,2877395,0,-1,0,0.46,0.0,inf,2765218,125350,4.53,Europe
Syria,55026,3095,0,51931,63,3,0,5.62,0.0,inf,54480,546,1.0,Eastern Mediterranean
Taiwan*,20840,853,0,19987,43,0,0,4.09,0.0,inf,20433,407,1.99,Western Pacific
Tajikistan,17786,125,0,17661,0,0,0,0.7,0.0,inf,17786,0,0.0,Europe
Tanzania,33620,798,0,32822,0,0,0,2.37,0.0,inf,33620,0,0.0,Africa
Thailand,3047857,23300,0,3024557,21162,65,0,0.76,0.0,inf,2891927,155930,5.39,South-East Asia
Timor-Leste,22759,129,0,22630,18,0,0,0.57,0.0,inf,22668,91,0.4,South-East Asia
Togo,36821,272,0,36549,6,0,0,0.74,0.0,inf,36798,23,0.06,Africa
Tonga,898,0,0,898,0,0,0,0.0,0.0,0.0,355,543,152.96,Western Pacific
Trinidad and Tobago,130400,3659,0,126741,437,7,0,2.81,0.0,inf,127404,2996,2.35,Americas
Tunisia,1005167,27922,0,977245,0,0,0,2.78,0.0,inf,997754,7413,0.74,Eastern Mediterranean
Turkey,14353888,95549,0,14258339,27671,170,0,0.67,0.0,inf,14025181,328707,2.34,Europe
Turks and Caicos Islands (UK),5867,36,0,5831,0,0,0,0.61,0.0,inf,5860,7,0.12,Americas
US,79271466,958621,0,78312845,5740,184,0,1.21,0.0,inf,78947866,323600,0.41,Americas
Uganda,163383,3590,0,159793,0,0,0,2.2,0.0,inf,163250,133,0.08,Africa
Ukraine,5040518,112459,0,4928059,0,0,0,2.23,0.0,inf,5040518,0,0.0,Europe
United Arab Emirates,882884,2301,0,880583,407,0,0,0.26,0.0,inf,879368,3516,0.4,Eastern Mediterranean
United Kingdom,19207057,162355,0,19044702,0,0,0,0.85,0.0,inf,18889122,317935,1.68,Europe
Uruguay,854375,7046,0,847329,1205,6,0,0.82,0.0,inf,840511,13864,1.65,Americas
Uzbekistan,236899,1637,0,235262,59,0,0,0.69,0.0,inf,236299,600,0.25,Europe
Vanuatu,18,1,0,17,0,0,0,5.56,0.0,inf,19,-1,-5.26,Western Pacific
Venezuela,516817,5649,0,511168,239,2,0,1.09,0.0,inf,514315,2502,0.49,Americas
Vietnam,4434700,40813,0,4393887,202180,87,0,0.92,0.0,inf,3321005,1113695,33.53,Western Pacific
West Bank and Gaza,649971,5557,0,644414,0,0,0,0.85,0.0,inf,640214,9757,1.52,Eastern Mediterranean
Winter Olympics 2022,532,0,0,532,2,0,0,0.0,0.0,0.0,518,14,2.7,
Yemen,11777,2138,0,9639,2,3,0,18.15,0.0,inf,11769,8,0.07,Eastern Mediterranean
Zambia,313821,3959,0,309862,77,1,0,1.26,0.0,inf,312707,1114,0.36,Africa
Zimbabwe,239209,5399,0,233810,190,2,0,2.26,0.0,inf,235803,3406,1.44,Africa
