Country,Confirmed,Deaths,Recovered,Active,New cases,New deaths,New recovered,Deaths / 100 Cases,Recovered / 100 Cases,Deaths / 100 Recovered,Confirmed last week,1 week change,1 week % increase,WHO Region
Afghanistan,151013,6961,0,144052,235,25,0,4.61,0.0,inf,148572,2441,1.64,Eastern Mediterranean
Albania,134201,2460,0,131741,220,0,0,1.83,0.0,inf,133211,990,0.74,Europe
Algeria,183347,4618,0,178729,979,40,0,2.52,0.0,inf,175229,8118,4.63,Africa
Andorra,14873,129,0,14744,37,1,0,0.87,0.0,inf,14766,107,0.72,Europe
Angola,43890,1057,0,42833,143,4,0,2.41,0.0,inf,43070,820,1.9,Africa
Anguilla (UK),113,0,0,113,0,0,0,0.0,0.0,0.0,113,0,0.0,Americas
Antigua and Barbuda,1348,43,0,1305,0,0,0,3.19,0.0,inf,1303,45,3.45,Americas
Argentina,5041487,108165,0,4933322,12412,204,0,2.15,0.0,inf,4961880,79607,1.6,Americas
Armenia,232610,4658,0,227952,313,5,0,2.0,0.0,inf,230713,1897,0.82,Europe
Aruba (NL),12636,111,0,12525,107,0,0,0.88,0.0,inf,11877,759,6.39,Americas
Australia,37377,945,0,36432,367,2,0,2.53,0.0,inf,35089,2288,6.52,Western Pacific
Austria,664133,10751,0,653382,601,1,0,1.62,0.0,inf,660262,3871,0.59,Europe
Azerbaijan,354662,5084,0,349578,1736,12,0,1.43,0.0,inf,345882,8780,2.54,Europe
Bahamas,15915,308,0,15607,121,1,0,1.94,0.0,inf,15011,904,6.02,Americas
Bahrain,270290,1384,0,268906,129,0,0,0.51,0.0,inf,269495,795,0.29,Eastern Mediterranean
Bangladesh,1376322,23161,0,1353161,11164,264,0,1.68,0.0,inf,1296093,80229,6.19,South-East Asia
Barbados,4485,48,0,4437,5,0,0,1.07,0.0,inf,4422,63,1.42,Americas
Belarus,455281,3551,0,451730,607,10,0,0.78,0.0,inf,448335,6946,1.55,Europe
Belgium,1143127,25279,0,1117848,1748,5,0,2.21,0.0,inf,1130758,12369,1.09,Europe
Belize,14578,341,0,14237,79,1,0,2.34,0.0,inf,14284,294,2.06,Americas
Benin,9065,113,0,8952,457,3,0,1.25,0.0,inf,8394,671,7.99,Africa
Bhutan,2550,2,0,2548,4,0,0,0.08,0.0,inf,2532,18,0.71,South-East Asia
Bolivia,478671,18004,0,460667,0,0,0,3.76,0.0,inf,475265,3406,0.72,Americas
Bosnia and Herzegovina,206476,9694,0,196782,159,0,0,4.69,0.0,inf,205825,651,0.32,Europe
Botswana,130771,1832,0,128939,0,0,0,1.4,0.0,inf,115220,15551,13.5,Africa
Brazil,20212642,564773,0,19647869,34885,1211,0,2.79,0.0,inf,19985817,226825,1.13,Americas
British Virgin Islands (UK),2532,37,0,2495,0,0,0,1.46,0.0,inf,2500,32,1.28,Americas
Brunei,440,3,0,437,34,0,0,0.68,0.0,inf,338,102,30.18,Western Pacific
Bulgaria,429628,18288,0,411340,805,10,0,4.26,0.0,inf,426003,3625,0.85,Europe
Burkina Faso,13626,169,0,13457,1,0,0,1.24,0.0,inf,13591,35,0.26,Africa
Burma,337561,12234,0,325327,4434,220,0,3.62,0.0,inf,311067,26494,8.52,South-East Asia
Burundi,8800,38,0,8762,0,0,0,0.43,0.0,inf,7518,1282,17.05,Africa
Cabo Verde,34112,298,0,33814,34,0,0,0.87,0.0,inf,33858,254,0.75,Africa
Cambodia,82898,1602,0,81296,499,17,0,1.93,0.0,inf,79051,3847,4.87,Western Pacific
Cameroon,82064,1334,0,80730,0,0,0,1.63,0.0,inf,82064,0,0.0,Africa
Canada,1451027,26634,0,1424393,1334,4,0,1.84,0.0,inf,1441262,9765,0.68,Americas
Cayman Islands (UK),648,2,0,646,2,0,0,0.31,0.0,inf,644,4,0.62,Americas
Central African Republic,11195,98,0,11097,4044,0,0,0.88,0.0,inf,7151,4044,56.55,Africa
Chad,4981,174,0,4807,1,0,0,3.49,0.0,inf,4973,8,0.16,Africa
Chile,1624823,36138,0,1588685,507,31,0,2.22,0.0,inf,1618457,6366,0.39,Americas
China,106162,4848,0,101314,115,0,0,4.57,0.0,inf,105346,816,0.77,Western Pacific
Colombia,4846955,122768,0,4724187,3948,167,0,2.53,0.0,inf,4807979,38976,0.81,Americas
Comoros,4031,147,0,3884,0,0,0,3.65,0.0,inf,4028,3,0.07,Africa
Congo (Brazzaville),13293,179,0,13114,0,0,0,1.35,0.0,inf,13216,77,0.58,Africa
Congo (Kinshasa),52292,1048,0,51244,307,0,0,2.0,0.0,inf,50529,1763,3.49,Africa
Costa Rica,422344,5169,0,417175,1882,7,0,1.22,0.0,inf,411123,11221,2.73,Americas
Cote d'Ivoire,51548,347,0,51201,149,6,0,0.67,0.0,inf,50499,1049,2.08,Africa
Croatia,365335,8275,0,357060,246,2,0,2.27,0.0,inf,363973,1362,0.37,Europe
Cuba,475105,3608,0,471497,8936,93,0,0.76,0.0,inf,413251,61854,14.97,Americas
Curacao (NL),14210,132,0,14078,73,0,0,0.93,0.0,inf,13757,453,3.29,Americas
Cyprus,107001,447,0,106554,573,3,0,0.42,0.0,inf,103314,3687,3.57,Europe
Czechia,1675179,30369,0,1644810,169,6,0,1.81,0.0,inf,1673926,1253,0.07,Europe
Denmark,325725,2554,0,323171,1004,2,0,0.78,0.0,inf,319295,6430,2.01,Europe
Djibouti,11663,156,0,11507,0,0,0,1.34,0.0,inf,11655,8,0.07,Eastern Mediterranean
Dominica,412,0,0,412,24,0,0,0.0,0.0,0.0,218,194,88.99,Americas
Dominican Republic,344836,3975,0,340861,211,1,0,1.15,0.0,inf,342850,1986,0.58,Americas
Ecuador,491831,31788,0,460043,0,0,0,6.46,0.0,inf,487702,4129,0.85,Americas
Egypt,284875,16588,0,268287,86,6,0,5.82,0.0,inf,284415,460,0.16,Eastern Mediterranean
El Salvador,88371,2742,0,85629,0,12,0,3.1,0.0,inf,87498,873,1.0,Americas
Equatorial Guinea,8951,123,0,8828,0,0,0,1.37,0.0,inf,8911,40,0.45,Africa
Eritrea,6589,36,0,6553,0,1,0,0.55,0.0,inf,6564,25,0.38,Africa
Estonia,135512,1277,0,134235,289,0,0,0.94,0.0,inf,133978,1534,1.14,Europe
Eswatini,32798,889,0,31909,1060,15,0,2.71,0.0,inf,27467,5331,19.41,Africa
Ethiopia,285413,4440,0,280973,882,10,0,1.56,0.0,inf,281300,4113,1.46,Africa
Falkland Islands (Malvinas) (UK),66,0,0,66,0,0,0,0.0,0.0,0.0,63,3,4.76,Africa
Faroe Islands (DK),987,2,0,985,0,0,0,0.2,0.0,inf,987,0,0.0,Europe
Fiji,37846,327,0,37519,264,10,0,0.86,0.0,inf,32733,5113,15.62,Western Pacific
Finland,113437,993,0,112444,781,2,0,0.88,0.0,inf,108358,5079,4.69,Europe
France,6237310,111272,0,6126038,24510,114,0,1.78,0.0,inf,6088420,148890,2.45,Europe
French Guiana,31099,195,0,30904,224,2,0,0.63,0.0,inf,30329,770,2.54,Americas
French Polynesia,24977,176,0,24801,1075,10,0,0.7,0.0,inf,20859,4118,19.74,Western Pacific
Gabon,25487,165,0,25322,0,0,0,0.65,0.0,inf,25405,82,0.32,Africa
Gambia,8603,242,0,8361,0,0,0,2.81,0.0,inf,8296,307,3.7,Africa
Georgia,455846,6182,0,449664,5697,54,0,1.36,0.0,inf,428670,27176,6.34,Europe
Germany,3803351,91824,0,3711527,3282,14,0,2.41,0.0,inf,3782344,21007,0.56,Europe
Ghana,108677,880,0,107797,451,6,0,0.81,0.0,inf,105512,3165,3.0,Africa
Gibraltar (UK),5154,95,0,5059,18,0,0,1.84,0.0,inf,5031,123,2.44,Europe
Greece,521399,13087,0,508312,4614,19,0,2.51,0.0,inf,501030,20369,4.07,Europe
Greenland (DK),187,0,0,187,5,0,0,0.0,0.0,0.0,130,57,43.85,Europe
Grenada,180,1,0,179,2,0,0,0.56,0.0,inf,164,16,9.76,Americas
Guadeloupe (FR),26771,291,0,26480,5646,8,0,1.09,0.0,inf,21125,5646,26.73,Americas
Guatemala,394372,10845,0,383527,3254,37,0,2.75,0.0,inf,373047,21325,5.72,Americas
Guinea,27112,263,0,26849,143,3,0,0.97,0.0,inf,25992,1120,4.31,Africa
Guinea-Bissau,4864,80,0,4784,76,1,0,1.64,0.0,inf,4588,276,6.02,Africa
Guyana,22992,561,0,22431,0,0,0,2.44,0.0,inf,22643,349,1.54,Americas
Haiti,20389,569,0,19820,0,0,0,2.79,0.0,inf,20307,82,0.4,Americas
Holy See,27,0,0,27,0,0,0,0.0,0.0,0.0,27,0,0.0,Europe
Honduras,309029,8202,0,300827,3093,82,0,2.65,0.0,inf,300572,8457,2.81,Americas
Hungary,810046,30037,0,780009,35,0,0,3.71,0.0,inf,809672,374,0.05,Europe
Iceland,8956,30,0,8926,56,0,0,0.33,0.0,inf,8233,723,8.78,Europe
India,32036511,429179,0,31607332,38353,497,0,1.34,0.0,inf,31769132,267379,0.84,South-East Asia
Indonesia,3718821,110619,0,3608202,32081,2048,0,2.97,0.0,inf,3496700,222121,6.35,South-East Asia
Iran,4238676,95111,0,4143565,39139,508,0,2.24,0.0,inf,3979727,258949,6.51,Eastern Mediterranean
Iraq,1732298,19336,0,1712962,9970,66,0,1.12,0.0,inf,1660371,71927,4.33,Eastern Mediterranean
Ireland,315385,5044,0,310341,1509,0,0,1.6,0.0,inf,304310,11075,3.64,Europe
Israel,910569,6571,0,903998,4164,12,0,0.72,0.0,inf,882798,27771,3.15,Europe
Italy,4406241,128273,0,4277968,5624,31,0,2.91,0.0,inf,4363374,42867,0.98,Europe
Jamaica,55456,1241,0,54215,316,10,0,2.24,0.0,inf,53543,1913,3.57,Americas
Japan,1055566,15327,0,1040239,10574,19,0,1.45,0.0,inf,957791,97775,10.21,Western Pacific
Jordan,779019,10148,0,768871,926,13,0,1.3,0.0,inf,773657,5362,0.69,Eastern Mediterranean
Kazakhstan,720842,10791,0,710051,8245,882,0,1.5,0.0,inf,664724,56118,8.44,Europe
Kenya,213756,4211,0,209545,1183,32,0,1.97,0.0,inf,205356,8400,4.09,Africa
Kiribati,2,0,0,2,0,0,0,0.0,0.0,0.0,2,0,0.0,Western Pacific
Kosovo,110756,2273,0,108483,562,2,0,2.05,0.0,inf,108623,2133,1.96,Europe
Kuwait,404463,2375,0,402088,595,3,0,0.59,0.0,inf,400128,4335,1.08,Eastern Mediterranean
Kyrgyzstan,169971,2413,0,167558,471,6,0,1.42,0.0,inf,165540,4431,2.68,Europe
Laos,8876,8,0,8868,315,0,0,0.09,0.0,inf,7015,1861,26.53,Western Pacific
Latvia,139587,2561,0,137026,125,2,0,1.83,0.0,inf,139037,550,0.4,Europe
Lebanon,573959,7952,0,566007,1558,4,0,1.39,0.0,inf,564354,9605,1.7,Eastern Mediterranean
Lesotho,13845,391,0,13454,2,1,0,2.82,0.0,inf,13603,242,1.78,Africa
Liberia,5459,148,0,5311,0,0,0,2.71,0.0,inf,5459,0,0.0,Africa
Libya,271981,3781,0,268200,2134,31,0,1.39,0.0,inf,258467,13514,5.23,Eastern Mediterranean
Liechtenstein,3107,59,0,3048,5,0,0,1.9,0.0,inf,3089,18,0.58,Europe
Lithuania,286943,4433,0,282510,535,3,0,1.54,0.0,inf,283656,3287,1.16,Europe
Luxembourg,74437,825,0,73612,42,0,0,1.11,0.0,inf,74042,395,0.53,Europe
Madagascar,42787,948,0,41839,6,0,0,2.22,0.0,inf,42674,113,0.26,Africa
Malawi,56574,1874,0,54700,439,24,0,3.31,0.0,inf,53503,3071,5.74,Africa
Malaysia,1299767,11162,0,1288605,19991,201,0,0.86,0.0,inf,1163291,136476,11.73,Western Pacific
Maldives,78578,222,0,78356,114,0,0,0.28,0.0,inf,77758,820,1.05,South-East Asia
Mali,14652,534,0,14118,5,0,0,3.64,0.0,inf,14595,57,0.39,Africa
Malta,34953,428,0,34525,51,0,0,1.22,0.0,inf,34508,445,1.29,Europe
Marshall Islands,4,0,0,4,0,0,0,0.0,0.0,0.0,4,0,0.0,Western Pacific
Martinique (FR),27310,178,0,27132,563,11,0,0.65,0.0,inf,22439,4871,21.71,Americas
Mauritania,28724,616,0,28108,286,7,0,2.14,0.0,inf,26555,2169,8.17,Africa
Mauritius,5219,21,0,5198,99,0,0,0.4,0.0,inf,4393,826,18.8,Africa
Mayotte (FR),19546,175,0,19371,0,0,0,0.9,0.0,inf,19503,43,0.22,Africa
Mexico,2997885,245476,0,2752409,19555,786,0,8.19,0.0,inf,2880409,117476,4.08,Americas
Micronesia,1,0,0,1,0,0,0,0.0,0.0,0.0,1,0,0.0,Western Pacific
Moldova,261000,6291,0,254709,193,5,0,2.41,0.0,inf,259828,1172,0.45,Europe
Monaco,3021,33,0,2988,29,0,0,1.09,0.0,inf,2926,95,3.25,Europe
Mongolia,175560,860,0,174700,957,3,0,0.49,0.0,inf,167229,8331,4.98,Western Pacific
Montenegro,104264,1637,0,102627,332,1,0,1.57,0.0,inf,102403,1861,1.82,Europe
Montserrat (UK),22,1,0,21,0,0,0,4.55,0.0,inf,21,1,4.76,Americas
Morocco,711103,10509,0,700594,9778,105,0,1.48,0.0,inf,642683,68420,10.65,Eastern Mediterranean
Mozambique,134343,1641,0,132702,1166,13,0,1.22,0.0,inf,126391,7952,6.29,Africa
Namibia,121507,3204,0,118303,304,8,0,2.64,0.0,inf,119797,1710,1.43,Africa
Nepal,720680,10150,0,710530,3194,35,0,1.41,0.0,inf,702097,18583,2.65,South-East Asia
Netherlands,1889992,17878,0,1872114,2161,7,0,0.95,0.0,inf,1872093,17899,0.96,Europe
New Zealand,2905,26,0,2879,2,0,0,0.9,0.0,inf,2880,25,0.87,Western Pacific
Nicaragua,10251,197,0,10054,398,1,0,1.92,0.0,inf,9853,398,4.04,Americas
Niger,5697,196,0,5501,10,0,0,3.44,0.0,inf,5658,39,0.69,Africa
Nigeria,179118,2194,0,176924,610,2,0,1.22,0.0,inf,175264,3854,2.2,Africa
North Macedonia,158681,5513,0,153168,517,4,0,3.47,0.0,inf,156543,2138,1.37,Europe
Norway,141999,805,0,141194,666,1,0,0.57,0.0,inf,138740,3259,2.35,Europe
Oman,298942,3948,0,294994,0,0,0,1.32,0.0,inf,297431,1511,0.51,Eastern Mediterranean
Pakistan,1080360,24085,0,1056275,4856,81,0,2.23,0.0,inf,1047999,32361,3.09,Eastern Mediterranean
Palau,0,0,0,0,0,0,0,0.0,0.0,0.0,0,0,,Western Pacific
Panama,443718,6918,0,436800,900,6,0,1.56,0.0,inf,437744,5974,1.36,Americas
Papua New Guinea,17774,192,0,17582,0,0,0,1.08,0.0,inf,17774,0,0.0,Western Pacific
Paraguay,455680,15341,0,440339,291,26,0,3.37,0.0,inf,453367,2313,0.51,Americas
Peru,2127034,197102,0,1929932,1186,73,0,9.27,0.0,inf,2116652,10382,0.49,Americas
Philippines,1676156,29220,0,1646936,8442,92,0,1.74,0.0,inf,1612541,63615,3.95,Western Pacific
Poland,2884361,75285,0,2809076,199,0,0,2.61,0.0,inf,2883284,1077,0.04,Europe
Portugal,990293,17502,0,972791,2232,17,0,1.77,0.0,inf,974203,16090,1.65,Europe
Qatar,228119,601,0,227518,220,0,0,0.26,0.0,inf,226710,1409,0.62,Eastern Mediterranean
Reunion (FR),40245,288,0,39957,0,0,0,0.72,0.0,inf,40245,0,0.0,Africa
Romania,1085412,34323,0,1051089,312,4,0,3.16,0.0,inf,1083711,1701,0.16,Europe
Russia,6404960,163629,0,6241331,20765,769,0,2.55,0.0,inf,6251953,153007,2.45,Europe
Rwanda,77235,911,0,76324,600,13,0,1.18,0.0,inf,72841,4394,6.03,Africa
Saint Kitts and Nevis,620,3,0,617,0,0,0,0.48,0.0,inf,600,20,3.33,Americas
Saint Lucia,5949,92,0,5857,36,0,0,1.55,0.0,inf,5652,297,5.25,Americas
Saint Pierre and Miquelon (FR),30,0,0,30,2,0,0,0.0,0.0,0.0,28,2,7.14,Americas
Saint Vincent and the Grenadines,2301,12,0,2289,2,0,0,0.52,0.0,inf,2297,4,0.17,Americas
Samoa,3,0,0,3,0,0,0,0.0,0.0,0.0,3,0,0.0,Western Pacific
San Marino,5194,90,0,5104,0,0,0,1.73,0.0,inf,5147,47,0.91,Europe
Sao Tome and Principe,2476,37,0,2439,1,0,0,1.49,0.0,inf,2457,19,0.77,Africa
Saudi Arabia,531935,8311,0,523624,0,0,0,1.56,0.0,inf,526814,5121,0.97,Eastern Mediterranean
Senegal,68348,1526,0,66822,336,31,0,2.23,0.0,inf,64024,4324,6.75,Africa
Serbia,727246,7146,0,720100,792,3,0,0.98,0.0,inf,723031,4215,0.58,Europe
Seychelles,18714,98,0,18616,132,4,0,0.52,0.0,inf,18384,330,1.8,Africa
Sierra Leone,6315,121,0,6194,0,0,0,1.92,0.0,inf,6292,23,0.37,Africa
Singapore,65836,42,0,65794,0,0,0,0.06,0.0,inf,65315,521,0.8,Western Pacific
Sint Maarten (NL),3001,37,0,2964,51,3,0,1.23,0.0,inf,2824,177,6.27,Americas
Slovakia,393160,12543,0,380617,101,2,0,3.19,0.0,inf,392751,409,0.1,Europe
Slovenia,260372,4433,0,255939,216,0,0,1.7,0.0,inf,259486,886,0.34,Europe
Solomon Islands,20,0,0,20,0,0,0,0.0,0.0,0.0,20,0,0.0,Western Pacific
Somalia,16039,863,0,15176,110,5,0,5.38,0.0,inf,15594,445,2.85,Eastern Mediterranean
South Africa,2546762,75201,0,2471561,6540,189,0,2.95,0.0,inf,2470746,76016,3.08,Africa
South Korea,216206,2135,0,214071,2219,1,0,0.99,0.0,inf,203926,12280,6.02,Western Pacific
South Sudan,11139,120,0,11019,18,0,0,1.08,0.0,inf,11076,63,0.57,Africa
Spain,4643450,82227,0,4561223,15680,102,0,1.77,0.0,inf,4523310,120140,2.66,Europe
Sri Lanka,335851,5340,0,330511,2904,118,0,1.59,0.0,inf,316219,19632,6.21,South-East Asia
Sudan,37528,2776,0,34752,390,0,0,7.4,0.0,inf,37138,390,1.05,Eastern Mediterranean
Summer Olympics 2020,511,0,0,511,75,0,0,0.0,0.0,0.0,281,230,81.85,
Suriname,26103,669,0,25434,57,2,0,2.56,0.0,inf,25549,554,2.17,Americas
Sweden,1106821,14658,0,1092163,2283,1,0,1.32,0.0,inf,1101900,4921,0.45,Europe
Switzerland,729024,10915,0,718109,1911,-6,0,1.5,0.0,inf,720743,8281,1.15,Europe
Syria,26136,1924,0,24212,20,2,0,7.36,0.0,inf,26026,110,0.42,Eastern Mediterranean
Taiwan*,15798,814,0,14984,8,1,0,5.15,0.0,inf,15721,77,0.49,Western Pacific
Tajikistan,15792,123,0,15669,72,1,0,0.78,0.0,inf,15293,499,3.26,Europe
Tanzania,1367,50,0,1317,350,29,0,3.66,0.0,inf,1017,350,34.41,Africa
Thailand,795951,6588,0,789363,19843,235,0,0.83,0.0,inf,652185,143766,22.04,South-East Asia
Timor-Leste,11717,29,0,11688,138,1,0,0.25,0.0,inf,11100,617,5.56,South-East Asia
Togo,17104,161,0,16943,158,0,0,0.94,0.0,inf,16053,1051,6.55,Africa
Trinidad and Tobago,40574,1144,0,39430,213,5,0,2.82,0.0,inf,39162,1412,3.61,Americas
Tunisia,613628,21089,0,592539,0,0,0,3.44,0.0,inf,596775,16853,2.82,Eastern Mediterranean
Turkey,5968838,52437,0,5916401,26597,124,0,0.88,0.0,inf,5795665,173173,2.99,Europe
Turks and Caicos Islands (UK),2531,18,0,2513,8,0,0,0.71,0.0,inf,2486,45,1.81,Americas
US,36055002,618137,0,35436865,106871,816,0,1.71,0.0,inf,35237950,817052,2.32,Americas
Uganda,95955,2812,0,93143,80,4,0,2.93,0.0,inf,94537,1418,1.5,Africa
Ukraine,2346560,55937,0,2290623,1394,47,0,2.38,0.0,inf,2336603,9957,0.43,Europe
United Arab Emirates,695619,1982,0,693637,1334,4,0,0.28,0.0,inf,685462,10157,1.48,Eastern Mediterranean
United Kingdom,6135572,130660,0,6004912,23441,146,0,2.13,0.0,inf,5940874,194698,3.28,Europe
Uruguay,382721,5990,0,376731,114,1,0,1.57,0.0,inf,381853,868,0.23,Americas
Uzbekistan,138382,941,0,137441,891,7,0,0.68,0.0,inf,131978,6404,4.85,Europe
Vanuatu,4,1,0,3,0,0,0,25.0,0.0,inf,4,0,0.0,Western Pacific
Venezuela,314480,3733,0,310747,1549,28,0,1.19,0.0,inf,308452,6028,1.95,Americas
Vietnam,232937,4145,0,228792,8043,388,0,1.78,0.0,inf,174461,58476,33.52,Western Pacific
West Bank and Gaza,318181,3615,0,314566,182,2,0,1.14,0.0,inf,317264,917,0.29,Eastern Mediterranean
Yemen,7198,1391,0,5807,11,2,0,19.32,0.0,inf,7086,112,1.58,Eastern Mediterranean
Zambia,200830,3499,0,197331,629,8,0,1.74,0.0,inf,197123,3707,1.88,Africa
Zimbabwe,117258,3950,0,113308,405,31,0,3.37,0.0,inf,112435,4823,4.29,Africa
