Country,Confirmed,Deaths,Recovered,Active,New cases,New deaths,New recovered,Deaths / 100 Cases,Recovered / 100 Cases,Deaths / 100 Recovered,Confirmed last week,1 week change,1 week % increase,WHO Region
Afghanistan,187037,7752,0,179285,340,0,0,4.14,0.0,inf,185481,1556,0.84,Eastern Mediterranean
Albania,316145,3557,0,312588,808,3,0,1.13,0.0,inf,310362,5783,1.86,Europe
Algeria,268033,6878,0,261155,131,1,0,2.57,0.0,inf,267287,746,0.28,Africa
Andorra,45793,154,0,45639,0,0,0,0.34,0.0,inf,45508,285,0.63,Europe
Angola,102636,1917,0,100719,335,5,0,1.87,0.0,inf,102301,335,0.33,Africa
Anguilla (UK),3620,10,0,3610,0,0,0,0.28,0.0,inf,3580,40,1.12,Americas
Antarctica,11,0,0,11,0,0,0,0.0,0.0,0.0,11,0,0.0,
Antigua and Barbuda,8773,144,0,8629,0,0,0,1.64,0.0,inf,8741,32,0.37,Americas
Argentina,9560307,129369,0,9430938,0,0,0,1.35,0.0,inf,9507562,52745,0.55,Americas
Armenia,426799,8635,0,418164,0,0,0,2.02,0.0,inf,425365,1434,0.34,Europe
Aruba (NL),42286,226,0,42060,0,0,0,0.53,0.0,inf,42080,206,0.49,Americas
Australia,9615463,12289,0,9603174,28479,88,0,0.13,0.0,inf,9376483,238980,2.55,Western Pacific
Austria,4821763,20411,0,4801352,6179,15,0,0.42,0.0,inf,4774043,47720,1.0,Europe
Azerbaijan,801018,9755,0,791263,540,0,0,1.22,0.0,inf,798011,3007,0.38,Europe
Bahamas,36795,822,0,35973,19,0,0,2.23,0.0,inf,36670,125,0.34,Americas
Bahrain,661974,1511,0,660463,404,0,0,0.23,0.0,inf,658727,3247,0.49,Eastern Mediterranean
Bangladesh,2006899,29302,0,1977597,253,2,0,1.46,0.0,inf,2004543,2356,0.12,South-East Asia
Barbados,94093,498,0,93595,534,2,0,0.53,0.0,inf,91593,2500,2.73,Americas
Belarus,994037,7118,0,986919,0,0,0,0.72,0.0,inf,994037,0,0.0,Europe
Belgium,4437299,32296,0,4405003,12098,33,0,0.73,0.0,inf,4414255,23044,0.52,Europe
Belize,67424,680,0,66744,115,0,0,1.01,0.0,inf,67111,313,0.47,Americas
Benin,27316,163,0,27153,0,0,0,0.6,0.0,inf,27316,0,0.0,Africa
Bhutan,60530,21,0,60509,0,0,0,0.03,0.0,inf,60368,162,0.27,South-East Asia
Bolivia,1060484,22089,0,1038395,4106,6,0,2.08,0.0,inf,1032023,28461,2.76,Americas
Bosnia and Herzegovina,387803,15902,0,371901,727,14,0,4.1,0.0,inf,384976,2827,0.73,Europe
Botswana,325724,2772,0,322952,0,0,0,0.85,0.0,inf,325470,254,0.08,Africa
Brazil,33994470,679758,0,33314712,29976,222,0,2.0,0.0,inf,33790698,203772,0.6,Americas
British Virgin Islands (UK),7131,63,0,7068,0,0,0,0.88,0.0,inf,7131,0,0.0,Americas
Brunei,211157,225,0,210932,0,0,0,0.11,0.0,inf,205890,5267,2.56,Western Pacific
Bulgaria,1216491,37429,0,1179062,1566,5,0,3.08,0.0,inf,1205966,10525,0.87,Europe
Burkina Faso,21128,387,0,20741,0,0,0,1.83,0.0,inf,21128,0,0.0,Africa
Burma,614170,19434,0,594736,12,0,0,3.16,0.0,inf,614043,127,0.02,South-East Asia
Burundi,47008,38,0,46970,733,0,0,0.08,0.0,inf,45308,1700,3.75,Africa
Cabo Verde,62200,410,0,61790,9,0,0,0.66,0.0,inf,62138,62,0.1,Africa
Cambodia,136959,3056,0,133903,22,0,0,2.23,0.0,inf,136706,253,0.19,Western Pacific
Cameroon,120215,1931,0,118284,0,0,0,1.61,0.0,inf,120215,0,0.0,Africa
Canada,4115952,43141,0,4072811,21344,76,0,1.05,0.0,inf,4090429,25523,0.62,Americas
Cayman Islands (UK),29419,29,0,29390,0,0,0,0.1,0.0,inf,28784,635,2.21,Americas
Central African Republic,14781,113,0,14668,9,0,0,0.76,0.0,inf,14764,17,0.12,Africa
Chad,7437,193,0,7244,0,0,0,2.6,0.0,inf,7432,5,0.07,Africa
Chile,4286216,59741,0,4226475,11603,43,0,1.39,0.0,inf,4224361,61855,1.46,Americas
China,2285355,14763,0,2270592,4937,4,0,0.65,0.0,inf,2250565,34790,1.55,Western Pacific
Colombia,6278998,141075,0,6137923,0,0,0,2.25,0.0,inf,6265798,13200,0.21,Americas
Comoros,8340,160,0,8180,11,0,0,1.92,0.0,inf,8315,25,0.3,Africa
Congo (Brazzaville),24775,386,0,24389,0,0,0,1.56,0.0,inf,24775,0,0.0,Africa
Congo (Kinshasa),92173,1390,0,90783,0,0,0,1.51,0.0,inf,92173,0,0.0,Africa
Costa Rica,1044385,8754,0,1035631,0,14,0,0.84,0.0,inf,1028375,16010,1.56,Americas
Cote d'Ivoire,85676,811,0,84865,75,0,0,0.95,0.0,inf,85253,423,0.5,Africa
Croatia,1192305,16379,0,1175926,1226,14,0,1.37,0.0,inf,1184303,8002,0.68,Europe
Cuba,1108621,8529,0,1100092,129,0,0,0.77,0.0,inf,1107888,733,0.07,Americas
Curacao (NL),45127,282,0,44845,0,0,0,0.62,0.0,inf,45063,64,0.14,Americas
Cyprus,562911,1115,0,561796,0,0,0,0.2,0.0,inf,562911,0,0.0,Europe
Czechia,3998850,40555,0,3958295,2417,11,0,1.01,0.0,inf,3981287,17563,0.44,Europe
Denmark,3240454,6701,0,3233753,1362,1,0,0.21,0.0,inf,3229666,10788,0.33,Europe
Djibouti,15690,189,0,15501,0,0,0,1.2,0.0,inf,15690,0,0.0,Eastern Mediterranean
Dominica,14852,68,0,14784,0,0,0,0.46,0.0,inf,14852,0,0.0,Americas
Dominican Republic,631040,4383,0,626657,0,0,0,0.69,0.0,inf,628213,2827,0.45,Americas
Ecuador,975234,35811,0,939423,0,0,0,3.67,0.0,inf,961345,13889,1.44,Americas
Egypt,515645,24775,0,490870,0,0,0,4.8,0.0,inf,515645,0,0.0,Eastern Mediterranean
El Salvador,190818,4208,0,186610,0,2,0,2.21,0.0,inf,190818,0,0.0,Americas
Equatorial Guinea,16771,183,0,16588,30,0,0,1.09,0.0,inf,16723,48,0.29,Africa
Eritrea,10109,103,0,10006,14,0,0,1.02,0.0,inf,10014,95,0.95,Africa
Estonia,591377,2628,0,588749,0,0,0,0.44,0.0,inf,586399,4978,0.85,Europe
Eswatini,73297,1417,0,71880,3,0,0,1.93,0.0,inf,73274,23,0.03,Africa
Ethiopia,492461,7569,0,484892,49,0,0,1.54,0.0,inf,492125,336,0.07,Africa
Falkland Islands (Malvinas) (UK),1847,0,0,1847,0,0,0,0.0,0.0,0.0,1835,12,0.65,Africa
Faroe Islands (DK),34658,28,0,34630,0,0,0,0.08,0.0,inf,34658,0,0.0,Europe
Fiji,67805,874,0,66931,0,0,0,1.29,0.0,inf,67549,256,0.38,Western Pacific
Finland,1218216,5251,0,1212965,0,0,0,0.43,0.0,inf,1171034,47182,4.03,Europe
France,33187518,149525,0,33037993,30592,80,0,0.45,0.0,inf,32959863,227655,0.69,Europe
French Guiana,92575,407,0,92168,0,0,0,0.44,0.0,inf,92575,0,0.0,Americas
French Polynesia,75819,649,0,75170,165,0,0,0.86,0.0,inf,75257,562,0.75,Western Pacific
Gabon,48511,306,0,48205,0,0,0,0.63,0.0,inf,48511,0,0.0,Africa
Gambia,12149,368,0,11781,0,0,0,3.03,0.0,inf,12078,71,0.59,Africa
Georgia,1698020,16869,0,1681151,0,0,0,0.99,0.0,inf,1686218,11802,0.7,Europe
Germany,31228314,144858,0,31083456,49609,141,0,0.46,0.0,inf,30853312,375002,1.22,Europe
Ghana,168306,1458,0,166848,179,1,0,0.87,0.0,inf,168007,299,0.18,Africa
Gibraltar (UK),19999,106,0,19893,0,0,0,0.53,0.0,inf,19902,97,0.49,Europe
Greece,4474616,31377,0,4443239,0,0,0,0.7,0.0,inf,4349423,125193,2.88,Europe
Greenland (DK),11971,21,0,11950,0,0,0,0.18,0.0,inf,11971,0,0.0,Europe
Grenada,18822,234,0,18588,0,0,0,1.24,0.0,inf,18786,36,0.19,Americas
Guadeloupe (FR),186380,971,0,185409,0,0,0,0.52,0.0,inf,183018,3362,1.84,Americas
Guatemala,1054127,19096,0,1035031,2729,14,0,1.81,0.0,inf,1037751,16376,1.58,Americas
Guinea,37408,445,0,36963,0,0,0,1.19,0.0,inf,37408,0,0.0,Africa
Guinea-Bissau,8440,174,0,8266,0,0,0,2.06,0.0,inf,8412,28,0.33,Africa
Guyana,70083,1271,0,68812,74,0,0,1.81,0.0,inf,69745,338,0.48,Americas
Haiti,32464,838,0,31626,0,0,0,2.58,0.0,inf,32248,216,0.67,Americas
Holy See,29,0,0,29,0,0,0,0.0,0.0,0.0,29,0,0.0,Europe
Honduras,445271,10945,0,434326,1119,5,0,2.46,0.0,inf,439901,5370,1.22,Americas
Hungary,1987321,46886,0,1940435,0,0,0,2.36,0.0,inf,1965481,21840,1.11,Europe
Iceland,202831,179,0,202652,329,0,0,0.09,0.0,inf,202157,674,0.33,Europe
India,44126994,526649,0,43600345,19406,49,0,1.19,0.0,inf,44000138,126856,0.29,South-East Asia
Indonesia,6235244,157072,0,6078172,5929,12,0,2.52,0.0,inf,6197495,37749,0.61,South-East Asia
Iran,7431485,142337,0,7289148,5455,47,0,1.92,0.0,inf,7376794,54691,0.74,Eastern Mediterranean
Iraq,2450257,25323,0,2424934,817,1,0,1.03,0.0,inf,2442499,7758,0.32,Eastern Mediterranean
Ireland,1647605,7700,0,1639905,0,0,0,0.47,0.0,inf,1644166,3439,0.21,Europe
Israel,4598467,11433,0,4587034,2819,3,0,0.25,0.0,inf,4576191,22276,0.49,Europe
Italy,21251774,172904,0,21078870,38215,175,0,0.81,0.0,inf,20952476,299298,1.43,Europe
Jamaica,146843,3201,0,143642,148,2,0,2.18,0.0,inf,146114,729,0.5,Americas
Japan,13851692,33390,0,13818302,233655,214,0,0.24,0.0,inf,12359275,1492417,12.08,Western Pacific
Jordan,1715296,14083,0,1701213,0,0,0,0.82,0.0,inf,1709879,5417,0.32,Eastern Mediterranean
Kazakhstan,1452283,19025,0,1433258,2604,0,0,1.31,0.0,inf,1433859,18424,1.28,Europe
Kenya,337808,5672,0,332136,40,0,0,1.68,0.0,inf,337550,258,0.08,Africa
Kiribati,3430,13,0,3417,0,0,0,0.38,0.0,inf,3430,0,0.0,Western Pacific
"Korea, North",1,6,0,-5,0,0,0,600.0,0.0,inf,1,0,0.0,
Kosovo,259756,3174,0,256582,1266,0,0,1.22,0.0,inf,251980,7776,3.09,Europe
Kuwait,653730,2559,0,651171,0,0,0,0.39,0.0,inf,653730,0,0.0,Eastern Mediterranean
Kyrgyzstan,203776,2991,0,200785,0,0,0,1.47,0.0,inf,202685,1091,0.54,Europe
Laos,211643,757,0,210886,106,0,0,0.36,0.0,inf,211135,508,0.24,Western Pacific
Latvia,871181,5901,0,865280,1605,1,0,0.68,0.0,inf,861724,9457,1.1,Europe
Lebanon,1183450,10543,0,1172907,1836,3,0,0.89,0.0,inf,1169584,13866,1.19,Eastern Mediterranean
Lesotho,34040,702,0,33338,0,0,0,2.06,0.0,inf,34040,0,0.0,Africa
Liberia,7548,294,0,7254,10,0,0,3.9,0.0,inf,7538,10,0.13,Africa
Libya,505350,6433,0,498917,0,0,0,1.27,0.0,inf,503611,1739,0.35,Eastern Mediterranean
Liechtenstein,18805,86,0,18719,29,0,0,0.46,0.0,inf,18678,127,0.68,Europe
Lithuania,1190172,9218,0,1180954,1405,2,0,0.77,0.0,inf,1181995,8177,0.69,Europe
Luxembourg,283721,1115,0,282606,214,1,0,0.39,0.0,inf,282252,1469,0.52,Europe
Madagascar,66491,1408,0,65083,0,0,0,2.12,0.0,inf,66416,75,0.11,Africa
Malawi,87570,2670,0,84900,23,0,0,3.05,0.0,inf,87395,175,0.2,Africa
Malaysia,4701140,36009,0,4665131,3927,6,0,0.77,0.0,inf,4672999,28141,0.6,Western Pacific
Maldives,184485,307,0,184178,0,0,0,0.17,0.0,inf,184302,183,0.1,South-East Asia
Mali,31234,739,0,30495,2,0,0,2.37,0.0,inf,31222,12,0.04,Africa
Malta,113170,795,0,112375,50,0,0,0.7,0.0,inf,112719,451,0.4,Europe
Marshall Islands,68,0,0,68,0,0,0,0.0,0.0,0.0,59,9,15.25,Western Pacific
Martinique (FR),211572,998,0,210574,0,0,0,0.47,0.0,inf,209858,1714,0.82,Americas
Mauritania,62645,992,0,61653,14,0,0,1.58,0.0,inf,62540,105,0.17,Africa
Mauritius,248720,1015,0,247705,3870,2,0,0.41,0.0,inf,244850,3870,1.58,Africa
Mayotte (FR),39344,187,0,39157,0,0,0,0.48,0.0,inf,38646,698,1.81,Africa
Mexico,6821746,328128,0,6493618,0,0,0,4.81,0.0,inf,6711847,109899,1.64,Americas
Micronesia,6507,12,0,6495,216,1,0,0.18,0.0,inf,4321,2186,50.59,Western Pacific
Moldova,541715,11630,0,530085,0,0,0,2.15,0.0,inf,532187,9528,1.79,Europe
Monaco,14174,61,0,14113,17,0,0,0.43,0.0,inf,14059,115,0.82,Europe
Mongolia,954305,2121,0,952184,2570,1,0,0.22,0.0,inf,943690,10615,1.12,Western Pacific
Montenegro,263658,2753,0,260905,850,0,0,1.04,0.0,inf,257546,6112,2.37,Europe
Montserrat (UK),1068,8,0,1060,0,0,0,0.75,0.0,inf,1045,23,2.2,Americas
Morocco,1262300,16254,0,1246046,218,4,0,1.29,0.0,inf,1260405,1895,0.15,Eastern Mediterranean
Mozambique,229696,2216,0,227480,22,0,0,0.96,0.0,inf,229524,172,0.07,Africa
Namibia,169253,4072,0,165181,0,0,0,2.41,0.0,inf,169253,0,0.0,Africa
Nepal,989350,11970,0,977380,529,1,0,1.21,0.0,inf,985808,3542,0.36,South-East Asia
Netherlands,8349651,22511,0,8327140,2470,1,0,0.27,0.0,inf,8331202,18449,0.22,Europe
New Zealand,1658840,1639,0,1657201,4892,14,0,0.1,0.0,inf,1617927,40913,2.53,Western Pacific
Nicaragua,14807,244,0,14563,0,0,0,1.65,0.0,inf,14807,0,0.0,Americas
Niger,9119,311,0,8808,4,0,0,3.41,0.0,inf,9104,15,0.16,Africa
Nigeria,261473,3147,0,258326,0,0,0,1.2,0.0,inf,260977,496,0.19,Africa
North Macedonia,330755,9388,0,321367,739,1,0,2.84,0.0,inf,327009,3746,1.15,Europe
Norway,1456851,3623,0,1453228,179,0,0,0.25,0.0,inf,1455608,1243,0.09,Europe
Oman,396722,4628,0,392094,0,0,0,1.17,0.0,inf,395737,985,0.25,Eastern Mediterranean
Pakistan,1558557,30505,0,1528052,673,0,0,1.96,0.0,inf,1553325,5232,0.34,Eastern Mediterranean
Palau,5308,6,0,5302,0,0,0,0.11,0.0,inf,5308,0,0.0,Western Pacific
Panama,954369,8425,0,945944,0,0,0,0.88,0.0,inf,948473,5896,0.62,Americas
Papua New Guinea,44800,663,0,44137,2,0,0,1.48,0.0,inf,44784,16,0.04,Western Pacific
Paraguay,710890,19289,0,691601,3781,69,0,2.71,0.0,inf,707109,3781,0.53,Americas
Peru,3951495,214546,0,3736949,11013,66,0,5.43,0.0,inf,3889029,62466,1.61,Americas
Philippines,3795008,60774,0,3734234,4699,1,0,1.6,0.0,inf,3768474,26534,0.7,Western Pacific
Poland,6089166,116645,0,5972521,4290,17,0,1.92,0.0,inf,6065332,23834,0.39,Europe
Portugal,5359624,24664,0,5334960,3339,8,0,0.46,0.0,inf,5340612,19012,0.36,Europe
Qatar,412897,681,0,412216,760,0,0,0.16,0.0,inf,406987,5910,1.45,Eastern Mediterranean
Reunion (FR),440747,839,0,439908,0,0,0,0.19,0.0,inf,434924,5823,1.34,Africa
Romania,3106033,66143,0,3039890,7765,26,0,2.13,0.0,inf,3052036,53997,1.77,Europe
Russia,18400593,374895,0,18025698,18315,46,0,2.04,0.0,inf,18306326,94267,0.51,Europe
Rwanda,132299,1466,0,130833,14,0,0,1.11,0.0,inf,132236,63,0.05,Africa
Saint Kitts and Nevis,6470,46,0,6424,0,0,0,0.71,0.0,inf,6453,17,0.26,Americas
Saint Lucia,28161,387,0,27774,99,1,0,1.37,0.0,inf,27843,318,1.14,Americas
Saint Pierre and Miquelon (FR),3112,1,0,3111,0,0,0,0.03,0.0,inf,3083,29,0.94,Americas
Saint Vincent and the Grenadines,9390,115,0,9275,12,0,0,1.22,0.0,inf,9354,36,0.38,Americas
Samoa,15405,29,0,15376,0,0,0,0.19,0.0,inf,15374,31,0.2,Western Pacific
San Marino,20007,118,0,19889,24,0,0,0.59,0.0,inf,19793,214,1.08,Europe
Sao Tome and Principe,6115,75,0,6040,0,0,0,1.23,0.0,inf,6100,15,0.25,Africa
Saudi Arabia,810760,9257,0,801503,177,0,0,1.14,0.0,inf,809274,1486,0.18,Eastern Mediterranean
Senegal,87550,1968,0,85582,37,0,0,2.25,0.0,inf,87295,255,0.29,Africa
Serbia,2154973,16334,0,2138639,6358,15,0,0.76,0.0,inf,2113101,41872,1.98,Europe
Seychelles,45540,168,0,45372,0,0,0,0.37,0.0,inf,45429,111,0.24,Africa
Sierra Leone,7737,125,0,7612,1,0,0,1.62,0.0,inf,7732,5,0.06,Africa
Singapore,1749144,1534,0,1747610,6270,3,0,0.09,0.0,inf,1702392,46752,2.75,Western Pacific
Sint Maarten (NL),10765,87,0,10678,0,0,0,0.81,0.0,inf,10741,24,0.22,Americas
Slovakia,2580748,20236,0,2560512,0,0,0,0.78,0.0,inf,2578855,1893,0.07,Europe
Slovenia,1091420,6720,0,1084700,1499,13,0,0.62,0.0,inf,1080710,10710,0.99,Europe
Solomon Islands,21544,153,0,21391,0,0,0,0.71,0.0,inf,21544,0,0.0,Western Pacific
Somalia,27020,1361,0,25659,0,0,0,5.04,0.0,inf,26957,63,0.23,Eastern Mediterranean
South Africa,4004555,101982,0,3902573,0,0,0,2.55,0.0,inf,4004555,0,0.0,Africa
South Korea,20383621,25236,0,20358385,110610,45,0,0.12,0.0,inf,19702461,681160,3.46,Western Pacific
South Sudan,17780,138,0,17642,0,0,0,0.78,0.0,inf,17733,47,0.27,Africa
Spain,13266184,111094,0,13155090,20188,381,0,0.84,0.0,inf,13226579,39605,0.3,Europe
Sri Lanka,666413,16578,0,649835,181,4,0,2.49,0.0,inf,665543,870,0.13,South-East Asia
Sudan,63074,4958,0,58116,0,0,0,7.86,0.0,inf,63006,68,0.11,Eastern Mediterranean
Summer Olympics 2020,865,0,0,865,0,0,0,0.0,0.0,0.0,865,0,0.0,
Suriname,80982,1380,0,79602,0,0,0,1.7,0.0,inf,80966,16,0.02,Americas
Sweden,2545671,19433,0,2526238,0,0,0,0.76,0.0,inf,2539715,5956,0.23,Europe
Switzerland,3972622,13918,0,3958704,0,0,0,0.35,0.0,inf,3949259,23363,0.59,Europe
Syria,56464,3150,0,53314,11,0,0,5.58,0.0,inf,56275,189,0.34,Eastern Mediterranean
Taiwan*,4696969,9136,0,4687833,21841,54,0,0.19,0.0,inf,4545636,151333,3.33,Western Pacific
Tajikistan,17786,125,0,17661,0,0,0,0.7,0.0,inf,17786,0,0.0,Europe
Tanzania,37865,841,0,37024,0,0,0,2.22,0.0,inf,37510,355,0.95,Africa
Thailand,4603359,31561,0,4571798,2381,35,0,0.69,0.0,inf,4588512,14847,0.32,South-East Asia
Timor-Leste,23036,134,0,22902,9,1,0,0.58,0.0,inf,22999,37,0.16,South-East Asia
Togo,38158,280,0,37878,13,0,0,0.73,0.0,inf,38064,94,0.25,Africa
Tonga,12554,12,0,12542,0,0,0,0.1,0.0,inf,12554,0,0.0,Western Pacific
Trinidad and Tobago,172576,4065,0,168511,309,4,0,2.36,0.0,inf,171172,1404,0.82,Americas
Tunisia,1134660,29105,0,1105555,0,0,0,2.57,0.0,inf,1128693,5967,0.53,Eastern Mediterranean
Turkey,15889495,99341,0,15790154,0,0,0,0.63,0.0,inf,15889495,0,0.0,Europe
Turks and Caicos Islands (UK),6328,36,0,6292,0,0,0,0.57,0.0,inf,6303,25,0.4,Americas
US,92090455,1033516,0,91056939,128936,696,0,1.12,0.0,inf,91315043,775412,0.85,Americas
Uganda,169396,3628,0,165768,0,0,0,2.14,0.0,inf,169230,166,0.1,Africa
Ukraine,5298325,116483,0,5181842,3026,15,0,2.2,0.0,inf,5294357,3968,0.07,Europe
United Arab Emirates,996775,2337,0,994438,998,2,0,0.23,0.0,inf,989220,7555,0.76,Eastern Mediterranean
United Kingdom,23512578,185509,0,23327069,328,2,0,0.79,0.0,inf,23447295,65283,0.28,Europe
Uruguay,971728,7415,0,964313,0,0,0,0.76,0.0,inf,969803,1925,0.2,Americas
Uzbekistan,243256,1637,0,241619,24,0,0,0.67,0.0,inf,243002,254,0.1,Europe
Vanuatu,11731,14,0,11717,1,0,0,0.12,0.0,inf,11724,7,0.06,Western Pacific
Venezuela,537487,5766,0,531721,310,2,0,1.07,0.0,inf,534906,2581,0.48,Americas
Vietnam,11192043,43094,0,11148949,2075,0,0,0.39,0.0,inf,10776484,415559,3.86,Western Pacific
West Bank and Gaza,691065,5688,0,685377,0,0,0,0.82,0.0,inf,682096,8969,1.31,Eastern Mediterranean
Winter Olympics 2022,535,0,0,535,0,0,0,0.0,0.0,0.0,535,0,0.0,
Yemen,11895,2152,0,9743,0,0,0,18.09,0.0,inf,11849,46,0.39,Eastern Mediterranean
Zambia,331074,4015,0,327059,499,0,0,1.21,0.0,inf,329483,1591,0.48,Africa
Zimbabwe,256444,5581,0,250863,0,0,0,2.18,0.0,inf,256376,68,0.03,Africa
