Country,Confirmed,Deaths,Recovered,Active,New cases,New deaths,New recovered,Deaths / 100 Cases,Recovered / 100 Cases,Deaths / 100 Recovered,Confirmed last week,1 week change,1 week % increase,WHO Region
Afghanistan,149810,6879,0,142931,0,0,0,4.59,0.0,inf,146523,3287,2.24,Eastern Mediterranean
Albania,133912,2459,0,131453,182,0,0,1.84,0.0,inf,133121,791,0.59,Europe
Algeria,181376,4550,0,176826,1020,30,0,2.51,0.0,inf,172564,8812,5.11,Africa
Andorra,14836,128,0,14708,0,0,0,0.86,0.0,inf,14678,158,1.08,Europe
Angola,43662,1049,0,42613,70,5,0,2.4,0.0,inf,42815,847,1.98,Africa
Anguilla (UK),113,0,0,113,0,0,0,0.0,0.0,0.0,113,0,0.0,Americas
Antigua and Barbuda,1338,43,0,1295,10,0,0,3.21,0.0,inf,1303,35,2.69,Americas
Argentina,5018895,107459,0,4911436,6141,157,0,2.14,0.0,inf,4935847,83048,1.68,Americas
Armenia,232157,4650,0,227507,234,9,0,2.0,0.0,inf,230339,1818,0.79,Europe
Aruba (NL),12455,111,0,12344,84,0,0,0.89,0.0,inf,11765,690,5.86,Americas
Australia,36630,939,0,35691,302,1,0,2.56,0.0,inf,34612,2018,5.83,Western Pacific
Austria,663082,10750,0,652332,553,0,0,1.62,0.0,inf,659508,3574,0.54,Europe
Azerbaijan,351825,5063,0,346762,1220,7,0,1.44,0.0,inf,344520,7305,2.12,Europe
Bahamas,15537,304,0,15233,118,9,0,1.96,0.0,inf,14840,697,4.7,Americas
Bahrain,270060,1384,0,268676,111,0,0,0.51,0.0,inf,269303,757,0.28,Eastern Mediterranean
Bangladesh,1353695,22652,0,1331043,10299,241,0,1.67,0.0,inf,1264328,89367,7.07,South-East Asia
Barbados,4471,48,0,4423,16,0,0,1.07,0.0,inf,4407,64,1.45,Americas
Belarus,453932,3532,0,450400,979,9,0,0.78,0.0,inf,446998,6934,1.55,Europe
Belgium,1136726,25268,0,1111458,0,0,0,2.22,0.0,inf,1124715,12011,1.07,Europe
Belize,14438,339,0,14099,0,0,0,2.35,0.0,inf,14163,275,1.94,Americas
Benin,8608,110,0,8498,0,0,0,1.28,0.0,inf,8394,214,2.55,Africa
Bhutan,2544,2,0,2542,0,0,0,0.08,0.0,inf,2518,26,1.03,South-East Asia
Bolivia,477696,17971,0,459725,434,12,0,3.76,0.0,inf,473899,3797,0.8,Americas
Bosnia and Herzegovina,206106,9691,0,196415,0,0,0,4.7,0.0,inf,205655,451,0.22,Europe
Botswana,122574,1704,0,120870,0,0,0,1.39,0.0,inf,106690,15884,14.89,Africa
Brazil,20165672,563151,0,19602521,13893,399,0,2.79,0.0,inf,19938358,227314,1.14,Americas
British Virgin Islands (UK),2532,37,0,2495,32,6,0,1.46,0.0,inf,2500,32,1.28,Americas
Brunei,347,3,0,344,8,0,0,0.86,0.0,inf,337,10,2.97,Western Pacific
Bulgaria,428049,18255,0,409794,176,3,0,4.26,0.0,inf,425148,2901,0.68,Europe
Burkina Faso,13621,169,0,13452,11,0,0,1.24,0.0,inf,13588,33,0.24,Africa
Burma,329516,11776,0,317740,3027,250,0,3.57,0.0,inf,302665,26851,8.87,South-East Asia
Burundi,8088,38,0,8050,0,0,0,0.47,0.0,inf,7080,1008,14.24,Africa
Cabo Verde,34052,298,0,33754,42,0,0,0.88,0.0,inf,33822,230,0.68,Africa
Cambodia,81891,1562,0,80329,556,25,0,1.91,0.0,inf,77914,3977,5.1,Western Pacific
Cameroon,82064,1334,0,80730,0,0,0,1.63,0.0,inf,82064,0,0.0,Africa
Canada,1446484,26617,0,1419867,582,2,0,1.84,0.0,inf,1438804,7680,0.53,Americas
Cayman Islands (UK),646,2,0,644,0,0,0,0.31,0.0,inf,643,3,0.47,Americas
Central African Republic,7151,98,0,7053,0,0,0,1.37,0.0,inf,7151,0,0.0,Africa
Chad,4978,174,0,4804,1,0,0,3.5,0.0,inf,4973,5,0.1,Africa
Chile,1623363,36016,0,1587347,854,65,0,2.22,0.0,inf,1616942,6421,0.4,Americas
China,105902,4848,0,101054,127,0,0,4.58,0.0,inf,105149,753,0.72,Western Pacific
Colombia,4838984,122458,0,4716526,4350,181,0,2.53,0.0,inf,4794414,44570,0.93,Americas
Comoros,4031,147,0,3884,0,0,0,3.65,0.0,inf,4028,3,0.07,Africa
Congo (Brazzaville),13216,178,0,13038,0,0,0,1.35,0.0,inf,13186,30,0.23,Africa
Congo (Kinshasa),51889,1048,0,50841,366,0,0,2.02,0.0,inf,49917,1972,3.95,Africa
Costa Rica,416677,5124,0,411553,0,0,0,1.23,0.0,inf,406814,9863,2.42,Americas
Cote d'Ivoire,51380,341,0,51039,182,0,0,0.66,0.0,inf,50278,1102,2.19,Africa
Croatia,365045,8272,0,356773,213,1,0,2.27,0.0,inf,363758,1287,0.35,Europe
Cuba,458219,3438,0,454781,9427,83,0,0.75,0.0,inf,394343,63876,16.2,Americas
Curacao (NL),14122,132,0,13990,67,1,0,0.93,0.0,inf,13669,453,3.31,Americas
Cyprus,105982,441,0,105541,389,3,0,0.42,0.0,inf,102223,3759,3.68,Europe
Czechia,1674906,30363,0,1644543,180,0,0,1.81,0.0,inf,1673694,1212,0.07,Europe
Denmark,323786,2552,0,321234,821,0,0,0.79,0.0,inf,317700,6086,1.92,Europe
Djibouti,11662,156,0,11506,3,0,0,1.34,0.0,inf,11652,10,0.09,Eastern Mediterranean
Dominica,367,0,0,367,149,0,0,0.0,0.0,0.0,218,149,68.35,Americas
Dominican Republic,344495,3974,0,340521,344,0,0,1.15,0.0,inf,342267,2228,0.65,Americas
Ecuador,491831,31788,0,460043,646,14,0,6.46,0.0,inf,487598,4233,0.87,Americas
Egypt,284706,16575,0,268131,65,9,0,5.82,0.0,inf,284311,395,0.14,Eastern Mediterranean
El Salvador,88371,2717,0,85654,0,14,0,3.07,0.0,inf,86620,1751,2.02,Americas
Equatorial Guinea,8951,123,0,8828,11,0,0,1.37,0.0,inf,8880,71,0.8,Africa
Eritrea,6576,35,0,6541,0,0,0,0.53,0.0,inf,6547,29,0.44,Africa
Estonia,135076,1277,0,133799,126,0,0,0.95,0.0,inf,133685,1391,1.04,Europe
Eswatini,31060,861,0,30199,273,17,0,2.77,0.0,inf,26220,4840,18.46,Africa
Ethiopia,284091,4426,0,279665,424,5,0,1.56,0.0,inf,280565,3526,1.26,Africa
Falkland Islands (Malvinas) (UK),66,0,0,66,0,0,0,0.0,0.0,0.0,63,3,4.76,Africa
Faroe Islands (DK),987,2,0,985,0,0,0,0.2,0.0,inf,985,2,0.2,Europe
Fiji,36979,299,0,36680,657,3,0,0.81,0.0,inf,30413,6566,21.59,Western Pacific
Finland,112207,991,0,111216,1322,5,0,0.88,0.0,inf,107321,4886,4.55,Europe
France,6212800,111158,0,6101642,20450,28,0,1.79,0.0,inf,6067565,145235,2.39,Europe
French Guiana,30756,193,0,30563,0,0,0,0.63,0.0,inf,30040,716,2.38,Americas
French Polynesia,22459,157,0,22302,0,0,0,0.7,0.0,inf,20048,2411,12.03,Western Pacific
Gabon,25462,165,0,25297,0,0,0,0.65,0.0,inf,25384,78,0.31,Africa
Gambia,8603,242,0,8361,0,0,0,2.81,0.0,inf,7709,894,11.6,Africa
Georgia,447913,6084,0,441829,3344,30,0,1.36,0.0,inf,422188,25725,6.09,Europe
Germany,3797849,91791,0,3706058,2240,2,0,2.42,0.0,inf,3778277,19572,0.52,Europe
Ghana,108226,874,0,107352,1476,15,0,0.81,0.0,inf,103019,5207,5.05,Africa
Gibraltar (UK),5127,95,0,5032,11,0,0,1.85,0.0,inf,4980,147,2.95,Europe
Greece,514192,13048,0,501144,1850,17,0,2.54,0.0,inf,494907,19285,3.9,Europe
Greenland (DK),175,0,0,175,7,0,0,0.0,0.0,0.0,122,53,43.44,Europe
Grenada,178,1,0,177,14,0,0,0.56,0.0,inf,164,14,8.54,Americas
Guadeloupe (FR),21125,283,0,20842,0,0,0,1.34,0.0,inf,18313,2812,15.36,Americas
Guatemala,390514,10771,0,379743,1004,57,0,2.76,0.0,inf,369626,20888,5.65,Americas
Guinea,26847,257,0,26590,0,0,0,0.96,0.0,inf,25801,1046,4.05,Africa
Guinea-Bissau,4788,79,0,4709,24,0,0,1.65,0.0,inf,4498,290,6.45,Africa
Guyana,22982,559,0,22423,50,3,0,2.43,0.0,inf,22523,459,2.04,Americas
Haiti,20326,563,0,19763,0,0,0,2.77,0.0,inf,20077,249,1.24,Americas
Holy See,27,0,0,27,0,0,0,0.0,0.0,0.0,27,0,0.0,Europe
Honduras,305936,8120,0,297816,0,0,0,2.65,0.0,inf,297111,8825,2.97,Americas
Hungary,809855,30033,0,779822,0,0,0,3.71,0.0,inf,809491,364,0.04,Europe
Iceland,8793,30,0,8763,55,0,0,0.34,0.0,inf,8051,742,9.22,Europe
India,31969954,428309,0,31541645,35499,447,0,1.34,0.0,inf,31695958,273996,0.86,South-East Asia
Indonesia,3666031,107096,0,3558935,26415,1498,0,2.92,0.0,inf,3440396,225635,6.56,South-East Asia
Iran,4158729,94015,0,4064714,39619,542,0,2.26,0.0,inf,3903519,255210,6.54,Eastern Mediterranean
Iraq,1712709,19203,0,1693506,8346,57,0,1.12,0.0,inf,1635993,76716,4.69,Eastern Mediterranean
Ireland,312465,5044,0,307421,1837,0,0,1.61,0.0,inf,302074,10391,3.44,Europe
Israel,900482,6542,0,893940,3156,7,0,0.73,0.0,inf,875801,24681,2.82,Europe
Italy,4396417,128220,0,4268197,5733,11,0,2.92,0.0,inf,4355348,41069,0.94,Europe
Jamaica,54859,1222,0,53637,379,4,0,2.23,0.0,inf,53237,1622,3.05,Americas
Japan,1032080,15295,0,1016785,14352,8,0,1.48,0.0,inf,937348,94732,10.11,Western Pacific
Jordan,777164,10127,0,767037,986,11,0,1.3,0.0,inf,771753,5411,0.7,Eastern Mediterranean
Kazakhstan,705327,9909,0,695418,7747,0,0,1.4,0.0,inf,649207,56120,8.64,Europe
Kenya,211828,4149,0,207679,800,32,0,1.96,0.0,inf,203680,8148,4.0,Africa
Kiribati,2,0,0,2,0,0,0,0.0,0.0,0.0,2,0,0.0,Western Pacific
Kosovo,109931,2271,0,107660,269,0,0,2.07,0.0,inf,108465,1466,1.35,Europe
Kuwait,403349,2369,0,400980,555,3,0,0.59,0.0,inf,398538,4811,1.21,Eastern Mediterranean
Kyrgyzstan,169017,2399,0,166618,602,10,0,1.42,0.0,inf,163846,5171,3.16,Europe
Laos,8392,8,0,8384,614,1,0,0.1,0.0,inf,6566,1826,27.81,Western Pacific
Latvia,139421,2559,0,136862,74,0,0,1.84,0.0,inf,138899,522,0.38,Europe
Lebanon,571650,7943,0,563707,1552,5,0,1.39,0.0,inf,562527,9123,1.62,Eastern Mediterranean
Lesotho,13603,377,0,13226,0,0,0,2.77,0.0,inf,13603,0,0.0,Africa
Liberia,5459,148,0,5311,0,0,0,2.71,0.0,inf,5396,63,1.17,Africa
Libya,267846,3719,0,264127,3019,30,0,1.39,0.0,inf,253436,14410,5.69,Eastern Mediterranean
Liechtenstein,3101,59,0,3042,2,0,0,1.9,0.0,inf,3085,16,0.52,Europe
Lithuania,286103,4427,0,281676,377,3,0,1.55,0.0,inf,283016,3087,1.09,Europe
Luxembourg,74262,824,0,73438,0,0,0,1.11,0.0,inf,73870,392,0.53,Europe
Madagascar,42776,948,0,41828,91,5,0,2.22,0.0,inf,42665,111,0.26,Africa
Malawi,55920,1828,0,54092,221,23,0,3.27,0.0,inf,52631,3289,6.25,Africa
Malaysia,1262540,10749,0,1251791,18688,360,0,0.85,0.0,inf,1130422,132118,11.69,Western Pacific
Maldives,78356,222,0,78134,113,0,0,0.28,0.0,inf,77547,809,1.04,South-East Asia
Mali,14642,534,0,14108,5,0,0,3.65,0.0,inf,14587,55,0.38,Africa
Malta,34846,426,0,34420,59,2,0,1.22,0.0,inf,34375,471,1.37,Europe
Marshall Islands,4,0,0,4,0,0,0,0.0,0.0,0.0,4,0,0.0,Western Pacific
Martinique (FR),24418,154,0,24264,0,0,0,0.63,0.0,inf,17215,7203,41.84,Americas
Mauritania,28197,605,0,27592,240,6,0,2.15,0.0,inf,25973,2224,8.56,Africa
Mauritius,4592,20,0,4572,0,0,0,0.44,0.0,inf,3913,679,17.35,Africa
Mayotte (FR),19518,174,0,19344,0,0,0,0.89,0.0,inf,19494,24,0.12,Africa
Mexico,2971817,244420,0,2727397,7573,172,0,8.22,0.0,inf,2854992,116825,4.09,Americas
Micronesia,1,0,0,1,0,0,0,0.0,0.0,0.0,1,0,0.0,Western Pacific
Moldova,260630,6282,0,254348,75,3,0,2.41,0.0,inf,259549,1081,0.42,Europe
Monaco,2974,33,0,2941,1,0,0,1.11,0.0,inf,2891,83,2.87,Europe
Mongolia,174603,857,0,173746,2534,11,0,0.49,0.0,inf,164155,10448,6.36,Western Pacific
Montenegro,103722,1635,0,102087,279,0,0,1.58,0.0,inf,102092,1630,1.6,Europe
Montserrat (UK),22,1,0,21,0,0,0,4.55,0.0,inf,21,1,4.76,Americas
Morocco,696282,10335,0,685947,8990,80,0,1.48,0.0,inf,629717,66565,10.57,Eastern Mediterranean
Mozambique,132452,1613,0,130839,653,13,0,1.22,0.0,inf,123541,8911,7.21,Africa
Namibia,121043,3191,0,117852,229,9,0,2.64,0.0,inf,119285,1758,1.47,Africa
Nepal,714877,10093,0,704784,2137,55,0,1.41,0.0,inf,697370,17507,2.51,South-East Asia
Netherlands,1885805,17869,0,1867936,2292,2,0,0.95,0.0,inf,1867815,17990,0.96,Europe
New Zealand,2891,26,0,2865,4,0,0,0.9,0.0,inf,2878,13,0.45,Western Pacific
Nicaragua,9853,196,0,9657,0,0,0,1.99,0.0,inf,9470,383,4.04,Americas
Niger,5687,196,0,5491,5,0,0,3.45,0.0,inf,5637,50,0.89,Africa
Nigeria,178086,2187,0,175899,471,2,0,1.23,0.0,inf,174315,3771,2.16,Africa
North Macedonia,158025,5507,0,152518,398,4,0,3.48,0.0,inf,156452,1573,1.01,Europe
Norway,140836,804,0,140032,370,0,0,0.57,0.0,inf,137853,2983,2.16,Europe
Oman,298706,3936,0,294770,686,30,0,1.32,0.0,inf,296835,1871,0.63,Eastern Mediterranean
Pakistan,1071620,23918,0,1047702,4040,53,0,2.23,0.0,inf,1039695,31925,3.07,Eastern Mediterranean
Palau,0,0,0,0,0,0,0,0.0,0.0,0.0,0,0,,Western Pacific
Panama,442295,6906,0,435389,979,12,0,1.56,0.0,inf,436475,5820,1.33,Americas
Papua New Guinea,17774,192,0,17582,0,0,0,1.08,0.0,inf,17717,57,0.32,Western Pacific
Paraguay,455120,15293,0,439827,255,25,0,3.36,0.0,inf,452698,2422,0.54,Americas
Peru,2125345,196950,0,1928395,1217,77,0,9.27,0.0,inf,2113201,12144,0.57,Americas
Philippines,1658916,29122,0,1629794,9575,287,0,1.76,0.0,inf,1597689,61227,3.83,Western Pacific
Poland,2884098,75285,0,2808813,122,0,0,2.61,0.0,inf,2883029,1069,0.04,Europe
Portugal,986967,17467,0,969500,1982,10,0,1.77,0.0,inf,970937,16030,1.65,Europe
Qatar,227689,601,0,227088,217,0,0,0.26,0.0,inf,226390,1299,0.57,Eastern Mediterranean
Reunion (FR),40245,288,0,39957,0,0,0,0.72,0.0,inf,37231,3014,8.1,Africa
Romania,1084919,34316,0,1050603,208,3,0,3.16,0.0,inf,1083341,1578,0.15,Europe
Russia,6362641,162109,0,6200532,22271,766,0,2.55,0.0,inf,6207513,155128,2.5,Europe
Rwanda,76091,890,0,75201,448,9,0,1.17,0.0,inf,71346,4745,6.65,Africa
Saint Kitts and Nevis,614,3,0,611,3,0,0,0.49,0.0,inf,594,20,3.37,Americas
Saint Lucia,5837,90,0,5747,58,0,0,1.54,0.0,inf,5610,227,4.05,Americas
Saint Pierre and Miquelon (FR),28,0,0,28,0,0,0,0.0,0.0,0.0,28,0,0.0,Americas
Saint Vincent and the Grenadines,2299,12,0,2287,1,0,0,0.52,0.0,inf,2291,8,0.35,Americas
Samoa,3,0,0,3,0,0,0,0.0,0.0,0.0,3,0,0.0,Western Pacific
San Marino,5147,90,0,5057,0,0,0,1.75,0.0,inf,5130,17,0.33,Europe
Sao Tome and Principe,2470,37,0,2433,0,0,0,1.5,0.0,inf,2454,16,0.65,Africa
Saudi Arabia,531935,8311,0,523624,0,0,0,1.56,0.0,inf,526814,5121,0.97,Eastern Mediterranean
Senegal,67579,1482,0,66097,681,15,0,2.19,0.0,inf,63002,4577,7.26,Africa
Serbia,725702,7139,0,718563,457,4,0,0.98,0.0,inf,722221,3481,0.48,Europe
Seychelles,18582,94,0,18488,0,0,0,0.51,0.0,inf,18189,393,2.16,Africa
Sierra Leone,6315,121,0,6194,2,1,0,1.92,0.0,inf,6283,32,0.51,Africa
Singapore,65764,42,0,65722,78,0,0,0.06,0.0,inf,65102,662,1.02,Western Pacific
Sint Maarten (NL),2950,34,0,2916,0,0,0,1.15,0.0,inf,2770,180,6.5,Americas
Slovakia,393040,12541,0,380499,33,0,0,3.19,0.0,inf,392704,336,0.09,Europe
Slovenia,260109,4433,0,255676,68,2,0,1.7,0.0,inf,259273,836,0.32,Europe
Solomon Islands,20,0,0,20,0,0,0,0.0,0.0,0.0,20,0,0.0,Western Pacific
Somalia,15865,850,0,15015,77,3,0,5.36,0.0,inf,15456,409,2.65,Eastern Mediterranean
South Africa,2533466,74813,0,2458653,9978,190,0,2.95,0.0,inf,2456184,77282,3.15,Africa
South Korea,212448,2125,0,210323,1492,4,0,1.0,0.0,inf,201002,11446,5.69,Western Pacific
South Sudan,11100,120,0,10980,0,0,0,1.08,0.0,inf,11049,51,0.46,Africa
Spain,4588132,82006,0,4506126,0,0,0,1.79,0.0,inf,4447044,141088,3.17,Europe
Sri Lanka,329994,5111,0,324883,3951,94,0,1.55,0.0,inf,311349,18645,5.99,South-East Asia
Sudan,37138,2776,0,34362,0,0,0,7.47,0.0,inf,37138,0,0.0,Eastern Mediterranean
Summer Olympics 2020,409,0,0,409,0,0,0,0.0,0.0,0.0,264,145,54.92,
Suriname,26002,665,0,25337,85,3,0,2.56,0.0,inf,25402,600,2.36,Americas
Sweden,1104538,14657,0,1089881,0,0,0,1.33,0.0,inf,1100040,4498,0.41,Europe
Switzerland,723968,10914,0,713054,0,-1,0,1.51,0.0,inf,717665,6303,0.88,Europe
Syria,26097,1920,0,24177,16,1,0,7.36,0.0,inf,25983,114,0.44,Eastern Mediterranean
Taiwan*,15782,809,0,14973,7,3,0,5.13,0.0,inf,15688,94,0.6,Western Pacific
Tajikistan,15651,122,0,15529,68,0,0,0.78,0.0,inf,15082,569,3.77,Europe
Tanzania,1017,21,0,996,0,0,0,2.06,0.0,inf,1017,0,0.0,Africa
Thailand,756505,6204,0,750301,19983,138,0,0.82,0.0,inf,615314,141191,22.95,South-East Asia
Timor-Leste,11529,27,0,11502,54,1,0,0.23,0.0,inf,10966,563,5.13,South-East Asia
Togo,16874,159,0,16715,146,2,0,0.94,0.0,inf,15870,1004,6.33,Africa
Trinidad and Tobago,40233,1137,0,39096,129,8,0,2.83,0.0,inf,38930,1303,3.35,Americas
Tunisia,610660,20931,0,589729,2546,122,0,3.43,0.0,inf,595532,15128,2.54,Eastern Mediterranean
Turkey,5895841,52088,0,5843753,0,0,0,0.88,0.0,inf,5747935,147906,2.57,Europe
Turks and Caicos Islands (UK),2523,18,0,2505,9,0,0,0.71,0.0,inf,2486,37,1.49,Americas
US,35763785,616829,0,35146956,24234,111,0,1.72,0.0,inf,35003417,760368,2.17,Americas
Uganda,95723,2793,0,92930,249,8,0,2.92,0.0,inf,94195,1528,1.62,Africa
Ukraine,2344260,55867,0,2288393,1214,31,0,2.38,0.0,inf,2334433,9827,0.42,Europe
United Arab Emirates,692964,1975,0,690989,1410,4,0,0.29,0.0,inf,682377,10587,1.55,Eastern Mediterranean
United Kingdom,6087084,130477,0,5956607,27192,39,0,2.14,0.0,inf,5896784,190300,3.23,Europe
Uruguay,382506,5986,0,376520,146,0,0,1.56,0.0,inf,381569,937,0.25,Americas
Uzbekistan,136635,928,0,135707,897,5,0,0.68,0.0,inf,130216,6419,4.93,Europe
Vanuatu,4,1,0,3,0,0,0,25.0,0.0,inf,4,0,0.0,Western Pacific
Venezuela,312115,3694,0,308421,0,0,0,1.18,0.0,inf,306673,5442,1.77,Americas
Vietnam,215560,3397,0,212163,9904,147,0,1.58,0.0,inf,157507,58053,36.86,Western Pacific
West Bank and Gaza,317999,3613,0,314386,296,2,0,1.14,0.0,inf,316861,1138,0.36,Eastern Mediterranean
Yemen,7165,1386,0,5779,34,2,0,19.34,0.0,inf,7070,95,1.34,Eastern Mediterranean
Zambia,200049,3484,0,196565,387,10,0,1.74,0.0,inf,196293,3756,1.91,Africa
Zimbabwe,116327,3900,0,112427,437,74,0,3.35,0.0,inf,109546,6781,6.19,Africa
