Country,Confirmed,Deaths,Recovered,Active,New cases,New deaths,New recovered,Deaths / 100 Cases,Recovered / 100 Cases,Deaths / 100 Recovered,Confirmed last week,1 week change,1 week % increase,WHO Region
Afghanistan,202608,7820,0,194788,99,0,0,3.86,0.0,inf,201750,858,0.43,Eastern Mediterranean
Albania,332889,3593,0,329296,42,0,0,1.08,0.0,inf,332719,170,0.05,Europe
Algeria,270817,6881,0,263936,7,0,0,2.54,0.0,inf,270769,48,0.02,Africa
Andorra,46535,155,0,46380,0,0,0,0.33,0.0,inf,46449,86,0.19,Europe
Angola,103131,1917,0,101214,0,0,0,1.86,0.0,inf,103131,0,0.0,Africa
Anguilla (UK),3866,12,0,3854,0,0,0,0.31,0.0,inf,3866,0,0.0,Americas
Antarctica,11,0,0,11,0,0,0,0.0,0.0,0.0,11,0,0.0,
Antigua and Barbuda,9106,146,0,8960,0,0,0,1.6,0.0,inf,9106,0,0.0,Americas
Argentina,9717546,129979,0,9587567,0,0,0,1.34,0.0,inf,9715464,2082,0.02,Americas
Armenia,445100,8706,0,436394,0,0,0,1.96,0.0,inf,444869,231,0.05,Europe
Aruba (NL),43334,232,0,43102,0,0,0,0.54,0.0,inf,43291,43,0.1,Americas
Australia,10364635,15636,0,10348999,16347,47,0,0.15,0.0,inf,10341058,23577,0.23,Western Pacific
Austria,5421306,20946,0,5400360,4440,3,0,0.39,0.0,inf,5379734,41572,0.77,Europe
Azerbaijan,823100,9942,0,813158,36,1,0,1.21,0.0,inf,822805,295,0.04,Europe
Bahamas,37369,833,0,36536,5,0,0,2.23,0.0,inf,37342,27,0.07,Americas
Bahrain,689013,1524,0,687489,367,0,0,0.22,0.0,inf,686932,2081,0.3,Eastern Mediterranean
Bangladesh,2034866,29417,0,2005449,137,1,0,1.45,0.0,inf,2033662,1204,0.06,South-East Asia
Barbados,103014,560,0,102454,0,0,0,0.54,0.0,inf,103014,0,0.0,Americas
Belarus,994037,7118,0,986919,0,0,0,0.72,0.0,inf,994037,0,0.0,Europe
Belgium,4612239,32902,0,4579337,4943,19,0,0.71,0.0,inf,4602438,9801,0.21,Europe
Belize,68943,687,0,68256,0,0,0,1.0,0.0,inf,68926,17,0.02,Americas
Benin,27782,163,0,27619,0,0,0,0.59,0.0,inf,27782,0,0.0,Africa
Bhutan,62331,21,0,62310,0,0,0,0.03,0.0,inf,62248,83,0.13,South-East Asia
Bolivia,1109309,22239,0,1087070,0,0,0,2.0,0.0,inf,1109171,138,0.01,Americas
Bosnia and Herzegovina,399861,16169,0,383692,50,0,0,4.04,0.0,inf,399626,235,0.06,Europe
Botswana,326344,2790,0,323554,0,0,0,0.85,0.0,inf,326344,0,0.0,Africa
Brazil,34815258,687962,0,34127296,8183,55,0,1.98,0.0,inf,34771320,43938,0.13,Americas
British Virgin Islands (UK),7305,64,0,7241,0,0,0,0.88,0.0,inf,7305,0,0.0,Americas
Brunei,237656,225,0,237431,0,0,0,0.09,0.0,inf,234582,3074,1.31,Western Pacific
Bulgaria,1277342,37857,0,1239485,577,4,0,2.96,0.0,inf,1273231,4111,0.32,Europe
Burkina Faso,21631,387,0,21244,0,0,0,1.79,0.0,inf,21631,0,0.0,Africa
Burma,631235,19480,0,611755,176,0,0,3.09,0.0,inf,629926,1309,0.21,South-East Asia
Burundi,50470,38,0,50432,0,0,0,0.08,0.0,inf,50372,98,0.19,Africa
Cabo Verde,62397,410,0,61987,0,0,0,0.66,0.0,inf,62397,0,0.0,Africa
Cambodia,137979,3056,0,134923,0,0,0,2.21,0.0,inf,137979,0,0.0,Western Pacific
Cameroon,123629,1960,0,121669,0,0,0,1.59,0.0,inf,121652,1977,1.63,Africa
Canada,4362285,46562,0,4315723,8692,157,0,1.07,0.0,inf,4341679,20606,0.47,Americas
Cayman Islands (UK),31006,34,0,30972,0,0,0,0.11,0.0,inf,30926,80,0.26,Americas
Central African Republic,15260,113,0,15147,0,0,0,0.74,0.0,inf,15151,109,0.72,Africa
Chad,7620,194,0,7426,0,0,0,2.55,0.0,inf,7613,7,0.09,Africa
Chile,4737212,61607,0,4675605,8274,23,0,1.3,0.0,inf,4696888,40324,0.86,Americas
China,2923470,15590,0,2907880,7303,8,0,0.53,0.0,inf,2876602,46868,1.63,Western Pacific
Colombia,6309716,141837,0,6167879,548,10,0,2.25,0.0,inf,6309168,548,0.01,Americas
Comoros,8762,161,0,8601,90,0,0,1.84,0.0,inf,8481,281,3.31,Africa
Congo (Brazzaville),24837,386,0,24451,0,0,0,1.55,0.0,inf,24837,0,0.0,Africa
Congo (Kinshasa),93027,1445,0,91582,0,0,0,1.55,0.0,inf,93027,0,0.0,Africa
Costa Rica,1133096,8990,0,1124106,0,0,0,0.79,0.0,inf,1130568,2528,0.22,Americas
Cote d'Ivoire,87731,827,0,86904,11,0,0,0.94,0.0,inf,87676,55,0.06,Africa
Croatia,1246045,17117,0,1228928,493,8,0,1.37,0.0,inf,1243500,2545,0.2,Europe
Cuba,1111278,8530,0,1102748,1,0,0,0.77,0.0,inf,1111265,13,0.0,Americas
Curacao (NL),45467,290,0,45177,0,0,0,0.64,0.0,inf,45434,33,0.07,Americas
Cyprus,596297,1191,0,595106,0,0,0,0.2,0.0,inf,593542,2755,0.46,Europe
Czechia,4156497,41567,0,4114930,0,18,0,1.0,0.0,inf,4147736,8761,0.21,Europe
Denmark,3331865,7312,0,3324553,940,7,0,0.22,0.0,inf,3324976,6889,0.21,Europe
Djibouti,15690,189,0,15501,0,0,0,1.2,0.0,inf,15690,0,0.0,Eastern Mediterranean
Dominica,15760,74,0,15686,0,0,0,0.47,0.0,inf,15760,0,0.0,Americas
Dominican Republic,647205,4384,0,642821,0,0,0,0.68,0.0,inf,647205,0,0.0,Americas
Ecuador,1008035,35920,0,972115,482,12,0,3.56,0.0,inf,1006922,1113,0.11,Americas
Egypt,515645,24798,0,490847,0,0,0,4.81,0.0,inf,515645,0,0.0,Eastern Mediterranean
El Salvador,201785,4230,0,197555,0,0,0,2.1,0.0,inf,201785,0,0.0,Americas
Equatorial Guinea,17171,183,0,16988,8,0,0,1.07,0.0,inf,17133,38,0.22,Africa
Eritrea,10187,103,0,10084,0,0,0,1.01,0.0,inf,10185,2,0.02,Africa
Estonia,606633,2739,0,603894,0,0,0,0.45,0.0,inf,605622,1011,0.17,Europe
Eswatini,73526,1422,0,72104,0,0,0,1.93,0.0,inf,73436,90,0.12,Africa
Ethiopia,493912,7572,0,486340,7,0,0,1.53,0.0,inf,493837,75,0.02,Africa
Falkland Islands (Malvinas) (UK),1930,0,0,1930,0,0,0,0.0,0.0,0.0,1930,0,0.0,Africa
Faroe Islands (DK),34658,28,0,34630,0,0,0,0.08,0.0,inf,34658,0,0.0,Europe
Fiji,68264,878,0,67386,7,0,0,1.29,0.0,inf,68257,7,0.01,Western Pacific
Finland,1348737,6568,0,1342169,13419,161,0,0.49,0.0,inf,1335318,13419,1.0,Europe
France,35850041,153625,0,35696416,37089,71,0,0.43,0.0,inf,35584777,265264,0.75,Europe
French Guiana,94196,411,0,93785,0,0,0,0.44,0.0,inf,94073,123,0.13,Americas
French Polynesia,76758,649,0,76109,0,0,0,0.85,0.0,inf,76731,27,0.04,Western Pacific
Gabon,48914,306,0,48608,0,0,0,0.63,0.0,inf,48810,104,0.21,Africa
Gambia,12508,372,0,12136,0,0,0,2.97,0.0,inf,12508,0,0.0,Africa
Georgia,1780691,16900,0,1763791,0,0,0,0.95,0.0,inf,1780691,0,0.0,Europe
Germany,35523412,153377,0,35370035,61492,184,0,0.43,0.0,inf,35098062,425350,1.21,Europe
Ghana,170573,1460,0,169113,0,0,0,0.86,0.0,inf,170421,152,0.09,Africa
Gibraltar (UK),20121,108,0,20013,0,0,0,0.54,0.0,inf,20121,0,0.0,Europe
Greece,5135200,33574,0,5101626,0,0,0,0.65,0.0,inf,5081981,53219,1.05,Europe
Greenland (DK),11971,21,0,11950,0,0,0,0.18,0.0,inf,11971,0,0.0,Europe
Grenada,19591,237,0,19354,0,0,0,1.21,0.0,inf,19584,7,0.04,Americas
Guadeloupe (FR),196270,993,0,195277,0,0,0,0.51,0.0,inf,193685,2585,1.33,Americas
Guatemala,1139274,19880,0,1119394,1032,2,0,1.74,0.0,inf,1135690,3584,0.32,Americas
Guinea,38047,456,0,37591,0,0,0,1.2,0.0,inf,37999,48,0.13,Africa
Guinea-Bissau,8848,176,0,8672,0,0,0,1.99,0.0,inf,8831,17,0.19,Africa
Guyana,71436,1281,0,70155,5,0,0,1.79,0.0,inf,71418,18,0.03,Americas
Haiti,33811,857,0,32954,0,0,0,2.53,0.0,inf,33764,47,0.14,Americas
Holy See,29,0,0,29,0,0,0,0.0,0.0,0.0,29,0,0.0,Europe
Honduras,456988,11037,0,445951,0,0,0,2.42,0.0,inf,456886,102,0.02,Americas
Hungary,2141513,47938,0,2093575,0,0,0,2.24,0.0,inf,2132490,9023,0.42,Europe
Iceland,206356,213,0,206143,0,0,0,0.1,0.0,inf,206134,222,0.11,Europe
India,44649088,528999,0,44120089,2208,12,0,1.18,0.0,inf,44638636,10452,0.02,South-East Asia
Indonesia,6481749,158522,0,6323227,3029,23,0,2.45,0.0,inf,6464962,16787,0.26,South-East Asia
Iran,7557134,144562,0,7412572,110,3,0,1.91,0.0,inf,7555555,1579,0.02,Eastern Mediterranean
Iraq,2461247,25358,0,2435889,0,0,0,1.03,0.0,inf,2460868,379,0.02,Eastern Mediterranean
Ireland,1672319,8043,0,1664276,0,0,0,0.48,0.0,inf,1670377,1942,0.12,Europe
Israel,4681217,11759,0,4669458,832,1,0,0.25,0.0,inf,4675414,5803,0.12,Europe
Italy,23475187,178940,0,23296247,31758,94,0,0.76,0.0,inf,23254633,220554,0.95,Europe
Jamaica,151931,3320,0,148611,0,0,0,2.19,0.0,inf,151931,0,0.0,Americas
Japan,22177863,46591,0,22131272,42737,71,0,0.21,0.0,inf,21923635,254228,1.16,Western Pacific
Jordan,1746997,14122,0,1732875,0,0,0,0.81,0.0,inf,1746997,0,0.0,Eastern Mediterranean
Kazakhstan,1484734,19052,0,1465682,143,0,0,1.28,0.0,inf,1484504,230,0.02,Europe
Kenya,338970,5678,0,333292,62,0,0,1.68,0.0,inf,338703,267,0.08,Africa
Kiribati,3430,13,0,3417,0,0,0,0.38,0.0,inf,3430,0,0.0,Western Pacific
"Korea, North",1,6,0,-5,0,0,0,600.0,0.0,inf,1,0,0.0,
Kosovo,272153,3202,0,268951,1,0,0,1.18,0.0,inf,272131,22,0.01,Europe
Kuwait,661787,2566,0,659221,0,0,0,0.39,0.0,inf,661335,452,0.07,Eastern Mediterranean
Kyrgyzstan,206399,2991,0,203408,0,0,0,1.45,0.0,inf,206334,65,0.03,Europe
Laos,216223,758,0,215465,11,0,0,0.35,0.0,inf,216158,65,0.03,Western Pacific
Latvia,950668,6050,0,944618,682,3,0,0.64,0.0,inf,946914,3754,0.4,Europe
Lebanon,1218268,10702,0,1207566,0,0,0,0.88,0.0,inf,1217831,437,0.04,Eastern Mediterranean
Lesotho,34490,706,0,33784,0,0,0,2.05,0.0,inf,34490,0,0.0,Africa
Liberia,7988,294,0,7694,0,0,0,3.68,0.0,inf,7988,0,0.0,Africa
Libya,507034,6437,0,500597,0,0,0,1.27,0.0,inf,507024,10,0.0,Eastern Mediterranean
Liechtenstein,20588,87,0,20501,6,1,0,0.42,0.0,inf,20470,118,0.58,Europe
Lithuania,1267094,9387,0,1257707,535,0,0,0.74,0.0,inf,1264090,3004,0.24,Europe
Luxembourg,301761,1144,0,300617,408,0,0,0.38,0.0,inf,299715,2046,0.68,Europe
Madagascar,66706,1411,0,65295,0,0,0,2.12,0.0,inf,66687,19,0.03,Africa
Malawi,88073,2683,0,85390,0,0,0,3.05,0.0,inf,88065,8,0.01,Africa
Malaysia,4890437,36462,0,4853975,2762,4,0,0.75,0.0,inf,4875131,15306,0.31,Western Pacific
Maldives,185280,308,0,184972,0,0,0,0.17,0.0,inf,185194,86,0.05,South-East Asia
Mali,32723,742,0,31981,1,0,0,2.27,0.0,inf,32714,9,0.03,Africa
Malta,115294,808,0,114486,23,0,0,0.7,0.0,inf,115136,158,0.14,Europe
Marshall Islands,15389,17,0,15372,0,0,0,0.11,0.0,inf,15389,0,0.0,Western Pacific
Martinique (FR),223728,1047,0,222681,0,0,0,0.47,0.0,inf,222830,898,0.4,Americas
Mauritania,63333,997,0,62336,12,0,0,1.57,0.0,inf,63223,110,0.17,Africa
Mauritius,264465,1032,0,263433,0,0,0,0.39,0.0,inf,263780,685,0.26,Africa
Mayotte (FR),40308,187,0,40121,0,0,0,0.46,0.0,inf,40297,11,0.03,Africa
Mexico,7108686,330353,0,6778333,0,0,0,4.65,0.0,inf,7105565,3121,0.04,Americas
Micronesia,22203,55,0,22148,0,0,0,0.25,0.0,inf,21815,388,1.78,Western Pacific
Moldova,593246,11887,0,581359,0,0,0,2.0,0.0,inf,592535,711,0.12,Europe
Monaco,14936,65,0,14871,10,0,0,0.44,0.0,inf,14873,63,0.42,Europe
Mongolia,984614,2131,0,982483,108,0,0,0.22,0.0,inf,984184,430,0.04,Western Pacific
Montenegro,282549,2785,0,279764,77,0,0,0.99,0.0,inf,282124,425,0.15,Europe
Montserrat (UK),1403,8,0,1395,0,0,0,0.57,0.0,inf,1403,0,0.0,Americas
Morocco,1265523,16281,0,1249242,46,0,0,1.29,0.0,inf,1265332,191,0.02,Eastern Mediterranean
Mozambique,230431,2224,0,228207,0,0,0,0.97,0.0,inf,230370,61,0.03,Africa
Namibia,169908,4080,0,165828,0,0,0,2.4,0.0,inf,169874,34,0.02,Africa
Nauru,4611,1,0,4610,0,0,0,0.02,0.0,inf,4611,0,0.0,Western Pacific
Nepal,1000526,12019,0,988507,3,0,0,1.2,0.0,inf,1000325,201,0.02,South-East Asia
Netherlands,8505192,22785,0,8482407,0,0,0,0.27,0.0,inf,8487576,17616,0.21,Europe
New Zealand,1837707,2096,0,1835611,0,0,0,0.11,0.0,inf,1821363,16344,0.9,Western Pacific
Nicaragua,15166,245,0,14921,0,0,0,1.62,0.0,inf,15145,21,0.14,Americas
Niger,9425,314,0,9111,0,0,0,3.33,0.0,inf,9415,10,0.11,Africa
Nigeria,266043,3155,0,262888,0,0,0,1.19,0.0,inf,265937,106,0.04,Africa
North Macedonia,344031,9564,0,334467,67,3,0,2.78,0.0,inf,343800,231,0.07,Europe
Norway,1464520,4208,0,1460312,139,0,0,0.29,0.0,inf,1463839,681,0.05,Europe
Oman,398775,4628,0,394147,0,0,0,1.16,0.0,inf,398660,115,0.03,Eastern Mediterranean
Pakistan,1573922,30625,0,1543297,1144,6,0,1.95,0.0,inf,1572778,1144,0.07,Eastern Mediterranean
Palau,5509,7,0,5502,0,0,0,0.13,0.0,inf,5490,19,0.35,Western Pacific
Panama,989608,8506,0,981102,0,0,0,0.86,0.0,inf,989005,603,0.06,Americas
Papua New Guinea,45393,668,0,44725,0,0,0,1.47,0.0,inf,45313,80,0.18,Western Pacific
Paraguay,717628,19598,0,698030,0,0,0,2.73,0.0,inf,717260,368,0.05,Americas
Peru,4153605,216884,0,3936721,0,0,0,5.22,0.0,inf,4151705,1900,0.05,Americas
Philippines,3999226,63921,0,3935305,1285,38,0,1.6,0.0,inf,3989556,9670,0.24,Western Pacific
Poland,6338531,118095,0,6220436,974,22,0,1.86,0.0,inf,6332422,6109,0.1,Europe
Portugal,5518155,25209,0,5492946,0,0,0,0.46,0.0,inf,5509424,8731,0.16,Europe
Qatar,467574,684,0,466890,482,0,0,0.15,0.0,inf,464385,3189,0.69,Eastern Mediterranean
Reunion (FR),477603,898,0,476705,0,0,0,0.19,0.0,inf,477263,340,0.07,Africa
Romania,3285394,67174,0,3218220,478,5,0,2.04,0.0,inf,3282224,3170,0.1,Europe
Russia,21097662,382002,0,20715660,7789,82,0,1.81,0.0,inf,21041184,56478,0.27,Europe
Rwanda,132556,1467,0,131089,0,0,0,1.11,0.0,inf,132533,23,0.02,Africa
Saint Kitts and Nevis,6548,46,0,6502,0,0,0,0.7,0.0,inf,6548,0,0.0,Americas
Saint Lucia,29639,407,0,29232,3,1,0,1.37,0.0,inf,29550,89,0.3,Americas
Saint Pierre and Miquelon (FR),3231,1,0,3230,0,0,0,0.03,0.0,inf,3231,0,0.0,Americas
Saint Vincent and the Grenadines,9457,116,0,9341,0,0,0,1.23,0.0,inf,9452,5,0.05,Americas
Samoa,15946,29,0,15917,0,0,0,0.18,0.0,inf,15946,0,0.0,Western Pacific
San Marino,21565,119,0,21446,21,0,0,0.55,0.0,inf,21400,165,0.77,Europe
Sao Tome and Principe,6266,77,0,6189,0,0,0,1.23,0.0,inf,6263,3,0.05,Africa
Saudi Arabia,821540,9401,0,812139,294,1,0,1.14,0.0,inf,819811,1729,0.21,Eastern Mediterranean
Senegal,88679,1968,0,86711,0,0,0,2.22,0.0,inf,88630,49,0.06,Africa
Serbia,2400037,17209,0,2382828,0,0,0,0.72,0.0,inf,2393928,6109,0.26,Europe
Seychelles,49035,171,0,48864,0,0,0,0.35,0.0,inf,47141,1894,4.02,Africa
Sierra Leone,7754,126,0,7628,2,0,0,1.62,0.0,inf,7752,2,0.03,Africa
Singapore,2086588,1670,0,2084918,6247,2,0,0.08,0.0,inf,2046123,40465,1.98,Western Pacific
Sint Maarten (NL),10922,88,0,10834,0,0,0,0.81,0.0,inf,10908,14,0.13,Americas
Slovakia,2642129,20586,0,2621543,433,7,0,0.78,0.0,inf,2639268,2861,0.11,Europe
Slovenia,1230970,6878,0,1224092,1259,1,0,0.56,0.0,inf,1222557,8413,0.69,Europe
Solomon Islands,21544,153,0,21391,0,0,0,0.71,0.0,inf,21544,0,0.0,Western Pacific
Somalia,27237,1361,0,25876,0,0,0,5.0,0.0,inf,27225,12,0.04,Eastern Mediterranean
South Africa,4027157,102257,0,3924900,371,0,0,2.54,0.0,inf,4024959,2198,0.05,Africa
South Korea,25466992,29100,0,25437892,35887,31,0,0.11,0.0,inf,25244255,222737,0.88,Western Pacific
South Sudan,17823,138,0,17685,0,0,0,0.77,0.0,inf,17823,0,0.0,Africa
Spain,13488015,114858,0,13373157,0,0,0,0.85,0.0,inf,13462593,25422,0.19,Europe
Sri Lanka,671037,16777,0,654260,7,1,0,2.5,0.0,inf,670966,71,0.01,South-East Asia
Sudan,63473,4972,0,58501,0,0,0,7.83,0.0,inf,63449,24,0.04,Eastern Mediterranean
Summer Olympics 2020,865,0,0,865,0,0,0,0.0,0.0,0.0,865,0,0.0,
Suriname,81185,1390,0,79795,0,0,0,1.71,0.0,inf,81158,27,0.03,Americas
Sweden,2611580,20659,0,2590921,3291,97,0,0.79,0.0,inf,2608289,3291,0.13,Europe
Switzerland,4232022,14062,0,4217960,0,1,0,0.33,0.0,inf,4201711,30311,0.72,Europe
Syria,57356,3163,0,54193,2,0,0,5.51,0.0,inf,57344,12,0.02,Eastern Mediterranean
Taiwan*,7591541,12563,0,7578978,35657,84,0,0.17,0.0,inf,7341966,249575,3.4,Western Pacific
Tajikistan,17786,125,0,17661,0,0,0,0.7,0.0,inf,17786,0,0.0,Europe
Tanzania,39804,845,0,38959,0,0,0,2.12,0.0,inf,39679,125,0.32,Africa
Thailand,4689897,32922,0,4656975,0,0,0,0.7,0.0,inf,4687281,2616,0.06,South-East Asia
Timor-Leste,23300,138,0,23162,0,0,0,0.59,0.0,inf,23292,8,0.03,South-East Asia
Togo,39293,290,0,39003,0,0,0,0.74,0.0,inf,39261,32,0.08,Africa
Tonga,16182,12,0,16170,0,0,0,0.07,0.0,inf,16182,0,0.0,Western Pacific
Trinidad and Tobago,184713,4249,0,180464,0,0,0,2.3,0.0,inf,184524,189,0.1,Americas
Tunisia,1146152,29257,0,1116895,0,0,0,2.55,0.0,inf,1146044,108,0.01,Eastern Mediterranean
Turkey,16919638,101203,0,16818435,0,0,0,0.6,0.0,inf,16919638,0,0.0,Europe
Turks and Caicos Islands (UK),6429,36,0,6393,0,0,0,0.56,0.0,inf,6380,49,0.77,Americas
Tuvalu,23,0,0,23,0,0,0,0.0,0.0,0.0,20,3,15.0,Western Pacific
US,97409772,1070055,0,96339717,56669,539,0,1.1,0.0,inf,97144406,265366,0.27,Americas
Uganda,169396,3630,0,165766,0,0,0,2.14,0.0,inf,169396,0,0.0,Africa
Ukraine,5600801,117878,0,5482923,60,0,0,2.1,0.0,inf,5583316,17485,0.31,Europe
United Arab Emirates,1036360,2348,0,1034012,313,0,0,0.23,0.0,inf,1034120,2240,0.22,Eastern Mediterranean
United Kingdom,24048550,209677,0,23838873,42963,711,0,0.87,0.0,inf,24004758,43792,0.18,Europe
Uruguay,989629,7515,0,982114,0,0,0,0.76,0.0,inf,988527,1102,0.11,Americas
Uzbekistan,244551,1637,0,242914,28,0,0,0.67,0.0,inf,244436,115,0.05,Europe
Vanuatu,11981,14,0,11967,0,0,0,0.12,0.0,inf,11976,5,0.04,Western Pacific
Venezuela,545777,5820,0,539957,112,0,0,1.07,0.0,inf,545469,308,0.06,Americas
Vietnam,11499357,43165,0,11456192,484,3,0,0.38,0.0,inf,11495772,3585,0.03,Western Pacific
West Bank and Gaza,703014,5708,0,697306,0,0,0,0.81,0.0,inf,702804,210,0.03,Eastern Mediterranean
Winter Olympics 2022,535,0,0,535,0,0,0,0.0,0.0,0.0,535,0,0.0,
Yemen,11939,2158,0,9781,0,0,0,18.08,0.0,inf,11939,0,0.0,Eastern Mediterranean
Zambia,333674,4017,0,329657,30,0,0,1.2,0.0,inf,333644,30,0.01,Africa
Zimbabwe,257893,5606,0,252287,0,0,0,2.17,0.0,inf,257893,0,0.0,Africa
