Country,Confirmed,Deaths,Recovered,Active,New cases,New deaths,New recovered,Deaths / 100 Cases,Recovered / 100 Cases,Deaths / 100 Recovered,Confirmed last week,1 week change,1 week % increase,WHO Region
Afghanistan,154960,7199,0,147761,0,0,0,4.65,0.0,inf,154487,473,0.31,Eastern Mediterranean
Albania,167893,2640,0,165253,539,11,0,1.57,0.0,inf,162953,4940,3.03,Europe
Algeria,202722,5777,0,196945,148,10,0,2.85,0.0,inf,201600,1122,0.56,Africa
Andorra,15167,130,0,15037,0,0,0,0.86,0.0,inf,15124,43,0.28,Europe
Angola,55121,1501,0,53620,326,14,0,2.72,0.0,inf,52307,2814,5.38,Africa
Anguilla (UK),364,1,0,363,0,0,0,0.27,0.0,inf,331,33,9.97,Americas
Antigua and Barbuda,2923,64,0,2859,21,0,0,2.19,0.0,inf,2603,320,12.29,Americas
Argentina,5250402,114862,0,5135540,562,13,0,2.19,0.0,inf,5239232,11170,0.21,Americas
Armenia,258545,5251,0,253294,925,12,0,2.03,0.0,inf,253600,4945,1.95,Europe
Aruba (NL),15416,165,0,15251,11,0,0,1.07,0.0,inf,15249,167,1.1,Americas
Australia,99031,1245,0,97786,1472,14,0,1.26,0.0,inf,87128,11903,13.66,Western Pacific
Austria,735890,10969,0,724921,1588,8,0,1.49,0.0,inf,724035,11855,1.64,Europe
Azerbaijan,480843,6457,0,474386,1029,24,0,1.34,0.0,inf,467173,13670,2.93,Europe
Bahamas,20603,522,0,20081,0,0,0,2.53,0.0,inf,20030,573,2.86,Americas
Bahrain,274814,1389,0,273425,69,0,0,0.51,0.0,inf,274264,550,0.2,Eastern Mediterranean
Bangladesh,1551351,27414,0,1523937,980,21,0,1.77,0.0,inf,1542683,8668,0.56,South-East Asia
Barbados,7576,67,0,7509,175,3,0,0.88,0.0,inf,6527,1049,16.07,Americas
Belarus,530203,4092,0,526111,1974,11,0,0.77,0.0,inf,516428,13775,2.67,Europe
Belgium,1233723,25554,0,1208169,0,0,0,2.07,0.0,inf,1219814,13909,1.14,Europe
Belize,19600,402,0,19198,0,0,0,2.05,0.0,inf,18532,1068,5.76,Americas
Benin,22958,154,0,22804,0,0,0,0.67,0.0,inf,21450,1508,7.03,Africa
Bhutan,2599,3,0,2596,0,0,0,0.12,0.0,inf,2597,2,0.08,South-East Asia
Bolivia,498895,18700,0,480195,105,2,0,3.75,0.0,inf,497100,1795,0.36,Americas
Bosnia and Herzegovina,230801,10422,0,220379,0,0,0,4.52,0.0,inf,225857,4944,2.19,Europe
Botswana,176427,2360,0,174067,0,0,0,1.34,0.0,inf,172252,4175,2.42,Africa
Brazil,21351972,594443,0,20757529,8668,243,0,2.78,0.0,inf,21239783,112189,0.53,Americas
British Virgin Islands (UK),2642,37,0,2605,0,0,0,1.4,0.0,inf,2642,0,0.0,Americas
Brunei,6540,37,0,6503,580,4,0,0.57,0.0,inf,5047,1493,29.58,Western Pacific
Bulgaria,492861,20489,0,472372,496,40,0,4.16,0.0,inf,482186,10675,2.21,Europe
Burkina Faso,14172,180,0,13992,41,0,0,1.27,0.0,inf,14041,131,0.93,Africa
Burma,458154,17527,0,440627,1534,62,0,3.83,0.0,inf,446573,11581,2.59,South-East Asia
Burundi,16356,38,0,16318,0,0,0,0.23,0.0,inf,14189,2167,15.27,Africa
Cabo Verde,37448,334,0,37114,48,0,0,0.89,0.0,inf,37108,340,0.92,Africa
Cambodia,109087,2243,0,106844,830,25,0,2.06,0.0,inf,104094,4993,4.8,Western Pacific
Cameroon,85414,1368,0,84046,0,0,0,1.6,0.0,inf,85414,0,0.0,Africa
Canada,1609143,27694,0,1581449,1137,5,0,1.72,0.0,inf,1580990,28153,1.78,Americas
Cayman Islands (UK),795,2,0,793,0,0,0,0.25,0.0,inf,774,21,2.71,Americas
Central African Republic,11371,100,0,11271,0,0,0,0.88,0.0,inf,11309,62,0.55,Africa
Chad,5032,174,0,4858,1,0,0,3.46,0.0,inf,5029,3,0.06,Africa
Chile,1651750,37440,0,1614310,765,8,0,2.27,0.0,inf,1647469,4281,0.26,Americas
China,108309,4849,0,103460,43,0,0,4.48,0.0,inf,107961,348,0.32,Western Pacific
Colombia,4951675,126145,0,4825530,1422,43,0,2.55,0.0,inf,4941064,10611,0.21,Americas
Comoros,4112,147,0,3965,0,0,0,3.57,0.0,inf,4106,6,0.15,Africa
Congo (Brazzaville),14113,191,0,13922,0,0,0,1.35,0.0,inf,13701,412,3.01,Africa
Congo (Kinshasa),56617,1083,0,55534,0,0,0,1.91,0.0,inf,56387,230,0.41,Africa
Costa Rica,521182,6189,0,514993,0,0,0,1.19,0.0,inf,505163,16019,3.17,Americas
Cote d'Ivoire,59879,600,0,59279,101,7,0,1.0,0.0,inf,59020,859,1.46,Africa
Croatia,399891,8595,0,391296,837,15,0,2.15,0.0,inf,391984,7907,2.02,Europe
Cuba,854167,7227,0,846940,6673,64,0,0.85,0.0,inf,801367,52800,6.59,Americas
Curacao (NL),16373,160,0,16213,34,0,0,0.98,0.0,inf,16056,317,1.97,Americas
Cyprus,118045,553,0,117492,78,1,0,0.47,0.0,inf,116494,1551,1.33,Europe
Czechia,1689364,30453,0,1658911,411,1,0,1.8,0.0,inf,1686182,3182,0.19,Europe
Denmark,357037,2642,0,354395,353,2,0,0.74,0.0,inf,354645,2392,0.67,Europe
Djibouti,12253,162,0,12091,0,0,0,1.32,0.0,inf,12040,213,1.77,Eastern Mediterranean
Dominica,3293,15,0,3278,96,2,0,0.46,0.0,inf,2758,535,19.4,Americas
Dominican Republic,357149,4039,0,353110,215,4,0,1.13,0.0,inf,355150,1999,0.56,Americas
Ecuador,507858,32720,0,475138,0,0,0,6.44,0.0,inf,507003,855,0.17,Americas
Egypt,301625,17187,0,284438,680,38,0,5.7,0.0,inf,296929,4696,1.58,Eastern Mediterranean
El Salvador,102024,3185,0,98839,0,11,0,3.12,0.0,inf,99701,2323,2.33,Americas
Equatorial Guinea,11806,142,0,11664,0,0,0,1.2,0.0,inf,11063,743,6.72,Africa
Eritrea,6694,42,0,6652,0,0,0,0.63,0.0,inf,6671,23,0.34,Africa
Estonia,153536,1344,0,152192,465,1,0,0.88,0.0,inf,149776,3760,2.51,Europe
Eswatini,45770,1212,0,44558,28,0,0,2.65,0.0,inf,45380,390,0.86,Africa
Ethiopia,341714,5401,0,336313,869,32,0,1.58,0.0,inf,332961,8753,2.63,Africa
Falkland Islands (Malvinas) (UK),67,0,0,67,0,0,0,0.0,0.0,0.0,67,0,0.0,Africa
Faroe Islands (DK),1122,2,0,1120,7,0,0,0.18,0.0,inf,1067,55,5.15,Europe
Fiji,50755,590,0,50165,54,0,0,1.16,0.0,inf,49959,796,1.59,Western Pacific
Finland,139405,1069,0,138336,827,3,0,0.77,0.0,inf,136257,3148,2.31,Europe
France,6838769,114403,0,6724366,4932,25,0,1.67,0.0,inf,6801331,37438,0.55,Europe
French Guiana,39239,250,0,38989,0,0,0,0.64,0.0,inf,38021,1218,3.2,Americas
French Polynesia,40178,611,0,39567,0,0,0,1.52,0.0,inf,40178,0,0.0,Western Pacific
Gabon,29126,178,0,28948,0,0,0,0.61,0.0,inf,27643,1483,5.36,Africa
Gambia,9930,335,0,9595,19,0,0,3.37,0.0,inf,9888,42,0.42,Africa
Georgia,606492,8817,0,597675,1132,30,0,1.45,0.0,inf,595264,11228,1.89,Europe
Germany,4204300,93409,0,4110891,5271,11,0,2.22,0.0,inf,4149832,54468,1.31,Europe
Ghana,126621,1146,0,125475,0,0,0,0.91,0.0,inf,125261,1360,1.09,Africa
Gibraltar (UK),5514,97,0,5417,4,0,0,1.76,0.0,inf,5477,37,0.68,Europe
Greece,645969,14679,0,631290,1100,24,0,2.27,0.0,inf,630784,15185,2.41,Europe
Greenland (DK),565,0,0,565,12,0,0,0.0,0.0,0.0,464,101,21.77,Europe
Grenada,4922,120,0,4802,156,15,0,2.44,0.0,inf,3841,1081,28.14,Americas
Guadeloupe (FR),53140,769,0,52371,0,0,0,1.45,0.0,inf,51485,1655,3.21,Americas
Guatemala,549560,13375,0,536185,956,44,0,2.43,0.0,inf,529422,20138,3.8,Americas
Guinea,30362,377,0,29985,14,0,0,1.24,0.0,inf,30136,226,0.75,Africa
Guinea-Bissau,6099,135,0,5964,0,0,0,2.21,0.0,inf,6080,19,0.31,Africa
Guyana,31148,762,0,30386,241,8,0,2.45,0.0,inf,29553,1595,5.4,Americas
Haiti,21486,607,0,20879,0,0,0,2.83,0.0,inf,21330,156,0.73,Americas
Holy See,27,0,0,27,0,0,0,0.0,0.0,0.0,27,0,0.0,Europe
Honduras,363017,9679,0,353338,0,0,0,2.67,0.0,inf,357654,5363,1.5,Americas
Hungary,820078,30151,0,789927,0,0,0,3.68,0.0,inf,817159,2919,0.36,Europe
Iceland,11632,33,0,11599,0,0,0,0.28,0.0,inf,11404,228,2.0,Europe
India,33678786,447194,0,33231592,26041,276,0,1.33,0.0,inf,33478419,200367,0.6,South-East Asia
Indonesia,4208013,141467,0,4066546,1760,86,0,3.36,0.0,inf,4190763,17250,0.41,South-East Asia
Iran,5533520,119360,0,5414160,13792,278,0,2.16,0.0,inf,5424835,108685,2.0,Eastern Mediterranean
Iraq,1993767,22110,0,1971657,2139,38,0,1.11,0.0,inf,1975220,18547,0.94,Eastern Mediterranean
Ireland,384677,5209,0,379468,1459,0,0,1.35,0.0,inf,375367,9310,2.48,Europe
Israel,1266206,7675,0,1258531,3261,26,0,0.61,0.0,inf,1228129,38077,3.1,Europe
Italy,4660314,130697,0,4529617,3099,44,0,2.8,0.0,inf,4636111,24203,0.52,Europe
Jamaica,82778,1834,0,80944,429,10,0,2.22,0.0,inf,79673,3105,3.9,Americas
Japan,1695824,17496,0,1678328,2134,21,0,1.03,0.0,inf,1678092,17732,1.06,Western Pacific
Jordan,819783,10680,0,809103,987,11,0,1.3,0.0,inf,813601,6182,0.76,Eastern Mediterranean
Kazakhstan,954295,15503,0,938792,1910,0,0,1.62,0.0,inf,936954,17341,1.85,Europe
Kenya,248461,5102,0,243359,69,6,0,2.05,0.0,inf,246530,1931,0.78,Africa
Kiribati,2,0,0,2,0,0,0,0.0,0.0,0.0,2,0,0.0,Western Pacific
Kosovo,159870,2936,0,156934,77,5,0,1.84,0.0,inf,159107,763,0.48,Europe
Kuwait,411484,2446,0,409038,37,1,0,0.59,0.0,inf,411180,304,0.07,Eastern Mediterranean
Kyrgyzstan,178258,2600,0,175658,56,1,0,1.46,0.0,inf,177722,536,0.3,Europe
Laos,21819,16,0,21803,292,0,0,0.07,0.0,inf,19185,2634,13.73,Western Pacific
Latvia,154786,2684,0,152102,567,2,0,1.73,0.0,inf,150560,4226,2.81,Europe
Lebanon,622235,8286,0,613949,500,9,0,1.33,0.0,inf,618278,3957,0.64,Eastern Mediterranean
Lesotho,14395,403,0,13992,0,0,0,2.8,0.0,inf,14395,0,0.0,Africa
Liberia,5792,283,0,5509,0,0,0,4.89,0.0,inf,5904,-112,-1.9,Africa
Libya,336980,4606,0,332374,989,18,0,1.37,0.0,inf,330945,6035,1.82,Eastern Mediterranean
Liechtenstein,3439,60,0,3379,0,0,0,1.74,0.0,inf,3405,34,1.0,Europe
Lithuania,325606,4913,0,320693,1277,17,0,1.51,0.0,inf,315949,9657,3.06,Europe
Luxembourg,77762,835,0,76927,0,0,0,1.07,0.0,inf,77189,573,0.74,Europe
Madagascar,42898,958,0,41940,0,0,0,2.23,0.0,inf,42898,0,0.0,Africa
Malawi,61509,2276,0,59233,12,1,0,3.7,0.0,inf,61363,146,0.24,Africa
Malaysia,2198235,25437,0,2172798,13104,278,0,1.16,0.0,inf,2097830,100405,4.79,Western Pacific
Maldives,84362,231,0,84131,72,0,0,0.27,0.0,inf,83576,786,0.94,South-East Asia
Mali,15163,547,0,14616,10,0,0,3.61,0.0,inf,15068,95,0.63,Africa
Malta,37090,457,0,36633,13,0,0,1.23,0.0,inf,36972,118,0.32,Europe
Marshall Islands,4,0,0,4,0,0,0,0.0,0.0,0.0,4,0,0.0,Western Pacific
Martinique (FR),40804,609,0,40195,0,0,0,1.49,0.0,inf,40079,725,1.81,Americas
Mauritania,35859,768,0,35091,40,0,0,2.14,0.0,inf,35462,397,1.12,Africa
Mauritius,15161,71,0,15090,0,0,0,0.47,0.0,inf,14243,918,6.45,Africa
Mayotte (FR),20205,177,0,20028,0,0,0,0.88,0.0,inf,20107,98,0.49,Africa
Mexico,3632800,275450,0,3357350,13685,747,0,7.58,0.0,inf,3569677,63123,1.77,Americas
Micronesia,1,0,0,1,0,0,0,0.0,0.0,0.0,1,0,0.0,Western Pacific
Moldova,289025,6695,0,282330,648,16,0,2.32,0.0,inf,281700,7325,2.6,Europe
Monaco,3303,33,0,3270,0,0,0,1.0,0.0,inf,3290,13,0.4,Europe
Mongolia,294775,1206,0,293569,0,0,0,0.41,0.0,inf,277997,16778,6.04,Western Pacific
Montenegro,129648,1895,0,127753,363,3,0,1.46,0.0,inf,126259,3389,2.68,Europe
Montserrat (UK),33,1,0,32,0,0,0,3.03,0.0,inf,33,0,0.0,Americas
Morocco,929305,14167,0,915138,734,35,0,1.52,0.0,inf,919681,9624,1.05,Eastern Mediterranean
Mozambique,150530,1909,0,148621,36,0,0,1.27,0.0,inf,150018,512,0.34,Africa
Namibia,127261,3494,0,123767,34,2,0,2.75,0.0,inf,126811,450,0.35,Africa
Nepal,791392,11096,0,780296,730,9,0,1.4,0.0,inf,784566,6826,0.87,South-East Asia
Netherlands,1996498,18150,0,1978348,1597,1,0,0.91,0.0,inf,1984915,11583,0.58,Europe
New Zealand,4195,27,0,4168,11,0,0,0.64,0.0,inf,4083,112,2.74,Western Pacific
Nicaragua,13730,203,0,13527,0,0,0,1.48,0.0,inf,13025,705,5.41,Americas
Niger,5980,201,0,5779,6,0,0,3.36,0.0,inf,5957,23,0.39,Africa
Nigeria,204456,2677,0,201779,255,4,0,1.31,0.0,inf,201798,2658,1.32,Africa
North Macedonia,189887,6594,0,183293,336,17,0,3.47,0.0,inf,186914,2973,1.59,Europe
Norway,186935,850,0,186085,381,0,0,0.45,0.0,inf,182239,4696,2.58,Europe
Oman,303639,4095,0,299544,88,2,0,1.35,0.0,inf,303423,216,0.07,Eastern Mediterranean
Pakistan,1240425,27597,0,1212828,1757,31,0,2.22,0.0,inf,1226008,14417,1.18,Eastern Mediterranean
Palau,5,0,0,5,0,0,0,0.0,0.0,0.0,5,0,0.0,Western Pacific
Panama,466178,7208,0,458970,185,7,0,1.55,0.0,inf,464288,1890,0.41,Americas
Papua New Guinea,19523,227,0,19296,245,2,0,1.16,0.0,inf,18542,981,5.29,Western Pacific
Paraguay,459804,16188,0,443616,25,46,0,3.52,0.0,inf,459622,182,0.04,Americas
Peru,2173034,199292,0,1973742,773,64,0,9.17,0.0,inf,2167008,6026,0.28,Americas
Philippines,2490858,37405,0,2453453,20683,0,0,1.5,0.0,inf,2366749,124109,5.24,Western Pacific
Poland,2903234,75572,0,2827662,643,1,0,2.6,0.0,inf,2897935,5299,0.18,Europe
Portugal,1066945,17954,0,1048991,599,2,0,1.68,0.0,inf,1062048,4897,0.46,Europe
Qatar,236298,605,0,235693,67,1,0,0.26,0.0,inf,235487,811,0.34,Eastern Mediterranean
Reunion (FR),53241,363,0,52878,0,0,0,0.68,0.0,inf,52643,598,1.14,Africa
Romania,1194106,36341,0,1157765,6333,111,0,3.04,0.0,inf,1148710,45396,3.95,Europe
Russia,7313112,200245,0,7112867,22015,795,0,2.74,0.0,inf,7170069,143043,2.0,Europe
Rwanda,96839,1252,0,95587,112,4,0,1.29,0.0,inf,95257,1582,1.66,Africa
Saint Kitts and Nevis,1835,10,0,1825,35,0,0,0.54,0.0,inf,1632,203,12.44,Americas
Saint Lucia,11144,185,0,10959,91,2,0,1.66,0.0,inf,10520,624,5.93,Americas
Saint Pierre and Miquelon (FR),31,0,0,31,0,0,0,0.0,0.0,0.0,31,0,0.0,Americas
Saint Vincent and the Grenadines,3338,17,0,3321,91,0,0,0.51,0.0,inf,2791,547,19.6,Americas
Samoa,3,0,0,3,0,0,0,0.0,0.0,0.0,3,0,0.0,Western Pacific
San Marino,5427,90,0,5337,0,0,0,1.66,0.0,inf,5412,15,0.28,Europe
Sao Tome and Principe,3344,49,0,3295,6,0,0,1.47,0.0,inf,3043,301,9.89,Africa
Saudi Arabia,546926,8699,0,538227,44,5,0,1.59,0.0,inf,546411,515,0.09,Eastern Mediterranean
Senegal,73742,1855,0,71887,14,0,0,2.52,0.0,inf,73645,97,0.13,Africa
Serbia,911066,8051,0,903015,5389,43,0,0.88,0.0,inf,865686,45380,5.24,Europe
Seychelles,21281,110,0,21171,0,0,0,0.52,0.0,inf,20593,688,3.34,Africa
Sierra Leone,6393,121,0,6272,0,0,0,1.89,0.0,inf,6392,1,0.02,Africa
Singapore,87892,78,0,87814,1939,2,0,0.09,0.0,inf,77804,10088,12.97,Western Pacific
Sint Maarten (NL),4213,63,0,4150,0,0,0,1.5,0.0,inf,4091,122,2.98,Americas
Slovakia,408488,12596,0,395892,689,0,0,3.08,0.0,inf,402808,5680,1.41,Europe
Slovenia,289670,4537,0,285133,445,6,0,1.57,0.0,inf,283479,6191,2.18,Europe
Solomon Islands,20,0,0,20,0,0,0,0.0,0.0,0.0,20,0,0.0,Western Pacific
Somalia,19723,1103,0,18620,0,0,0,5.59,0.0,inf,19004,719,3.78,Eastern Mediterranean
South Africa,2896943,87052,0,2809891,967,51,0,3.0,0.0,inf,2882630,14313,0.5,Africa
South Korea,303553,2456,0,301097,2381,6,0,0.81,0.0,inf,287536,16017,5.57,Western Pacific
South Sudan,11948,128,0,11820,22,0,0,1.07,0.0,inf,11814,134,1.13,Africa
Spain,4946601,86229,0,4860372,0,0,0,1.74,0.0,inf,4929546,17055,0.35,Europe
Sri Lanka,513609,12680,0,500929,1078,71,0,2.47,0.0,inf,504491,9118,1.81,South-East Asia
Sudan,38077,2894,0,35183,0,0,0,7.6,0.0,inf,37995,82,0.22,Eastern Mediterranean
Summer Olympics 2020,865,0,0,865,0,0,0,0.0,0.0,0.0,865,0,0.0,
Suriname,39908,845,0,39063,0,0,0,2.12,0.0,inf,36746,3162,8.61,Americas
Sweden,1149407,14821,0,1134586,0,0,0,1.29,0.0,inf,1144982,4425,0.39,Europe
Switzerland,833385,11043,0,822342,0,0,0,1.33,0.0,inf,823078,10307,1.25,Europe
Syria,32973,2207,0,30766,393,9,0,6.69,0.0,inf,30709,2264,7.37,Eastern Mediterranean
Taiwan*,16189,841,0,15348,8,0,0,5.19,0.0,inf,16141,48,0.3,Western Pacific
Tajikistan,17484,125,0,17359,0,0,0,0.71,0.0,inf,17484,0,0.0,Europe
Tanzania,1367,50,0,1317,0,0,0,3.66,0.0,inf,1367,0,0.0,Africa
Thailand,1561638,16268,0,1545370,12353,125,0,1.04,0.0,inf,1476477,85161,5.77,South-East Asia
Timor-Leste,19382,113,0,19269,32,0,0,0.58,0.0,inf,19033,349,1.83,South-East Asia
Togo,25218,226,0,24992,55,4,0,0.9,0.0,inf,24599,619,2.52,Africa
Trinidad and Tobago,49949,1457,0,48492,127,6,0,2.92,0.0,inf,48523,1426,2.94,Americas
Tunisia,704914,24732,0,680182,0,0,0,3.51,0.0,inf,699928,4986,0.71,Eastern Mediterranean
Turkey,7039470,63166,0,6976304,25861,228,0,0.9,0.0,inf,6847229,192241,2.81,Europe
Turks and Caicos Islands (UK),2834,23,0,2811,4,1,0,0.81,0.0,inf,2805,29,1.03,Americas
US,42931354,688032,0,42243322,30952,286,0,1.6,0.0,inf,42094169,837185,1.99,Americas
Uganda,123181,3145,0,120036,115,2,0,2.55,0.0,inf,122212,969,0.79,Africa
Ukraine,2500198,59281,0,2440917,5130,79,0,2.37,0.0,inf,2453240,46958,1.91,Europe
United Arab Emirates,734894,2090,0,732804,298,1,0,0.28,0.0,inf,732690,2204,0.3,Eastern Mediterranean
United Kingdom,7688105,136368,0,7551737,33060,63,0,1.77,0.0,inf,7452658,235447,3.16,Europe
Uruguay,388502,6052,0,382450,78,0,0,1.56,0.0,inf,387627,875,0.23,Americas
Uzbekistan,172090,1222,0,170868,502,4,0,0.71,0.0,inf,168437,3653,2.17,Europe
Vanuatu,4,1,0,3,0,0,0,25.0,0.0,inf,4,0,0.0,Western Pacific
Venezuela,362040,4395,0,357645,0,0,0,1.21,0.0,inf,354239,7801,2.2,Americas
Vietnam,756689,18584,0,738105,10011,184,0,2.46,0.0,inf,687063,69626,10.13,Western Pacific
West Bank and Gaza,396746,4025,0,392721,1069,7,0,1.01,0.0,inf,384390,12356,3.21,Eastern Mediterranean
Yemen,8934,1694,0,7240,43,12,0,18.96,0.0,inf,8667,267,3.08,Eastern Mediterranean
Zambia,208857,3646,0,205211,28,1,0,1.75,0.0,inf,208469,388,0.19,Africa
Zimbabwe,129625,4604,0,125021,120,1,0,3.55,0.0,inf,127938,1687,1.32,Africa
