Country,Confirmed,Deaths,Recovered,Active,New cases,New deaths,New recovered,Deaths / 100 Cases,Recovered / 100 Cases,Deaths / 100 Recovered,Confirmed last week,1 week change,1 week % increase,WHO Region
Afghanistan,181178,7710,0,173468,58,0,0,4.26,0.0,inf,180741,437,0.24,Eastern Mediterranean
Albania,276821,3497,0,273324,90,0,0,1.26,0.0,inf,276468,353,0.13,Europe
Algeria,265943,6875,0,259068,6,0,0,2.59,0.0,inf,265904,39,0.01,Africa
Andorra,43224,153,0,43071,0,0,0,0.35,0.0,inf,43067,157,0.36,Europe
Angola,99761,1900,0,97861,0,0,0,1.9,0.0,inf,99761,0,0.0,Africa
Anguilla (UK),3374,9,0,3365,0,0,0,0.27,0.0,inf,3294,80,2.43,Americas
Antarctica,11,0,0,11,0,0,0,0.0,0.0,0.0,11,0,0.0,
Antigua and Barbuda,8537,140,0,8397,6,0,0,1.64,0.0,inf,8378,159,1.9,Americas
Argentina,9313453,128994,0,9184459,36835,21,0,1.39,0.0,inf,9276618,36835,0.4,Americas
Armenia,423044,8629,0,414415,38,0,0,2.04,0.0,inf,423006,38,0.01,Europe
Aruba (NL),39057,216,0,38841,0,0,0,0.55,0.0,inf,37975,1082,2.85,Americas
Australia,7691710,9146,0,7682564,30960,57,0,0.12,0.0,inf,7509648,182062,2.42,Western Pacific
Austria,4330667,19973,0,4310694,2827,4,0,0.46,0.0,inf,4306509,24158,0.56,Europe
Azerbaijan,792785,9713,0,783072,0,0,0,1.23,0.0,inf,792785,0,0.0,Europe
Bahamas,35351,812,0,34539,0,0,0,2.3,0.0,inf,35099,252,0.72,Americas
Bahrain,598552,1490,0,597062,1368,1,0,0.25,0.0,inf,590806,7746,1.31,Eastern Mediterranean
Bangladesh,1954405,29131,0,1925274,162,0,0,1.49,0.0,inf,1953754,651,0.03,South-East Asia
Barbados,82449,468,0,81981,131,0,0,0.57,0.0,inf,81622,827,1.01,Americas
Belarus,982867,6978,0,975889,0,0,0,0.71,0.0,inf,982867,0,0.0,Europe
Belgium,4177440,31835,0,4145605,0,0,0,0.76,0.0,inf,4164698,12742,0.31,Europe
Belize,61150,678,0,60472,0,0,0,1.11,0.0,inf,60287,863,1.43,Americas
Benin,26952,163,0,26789,0,0,0,0.6,0.0,inf,26952,0,0.0,Africa
Bhutan,59644,21,0,59623,0,0,0,0.04,0.0,inf,59636,8,0.01,South-East Asia
Bolivia,913362,21951,0,891411,493,0,0,2.4,0.0,inf,910832,2530,0.28,Americas
Bosnia and Herzegovina,378112,15795,0,362317,0,2,0,4.18,0.0,inf,378022,90,0.02,Europe
Botswana,314242,2709,0,311533,3811,8,0,0.86,0.0,inf,310431,3811,1.23,Africa
Brazil,31541479,668354,0,30873125,44441,174,0,2.12,0.0,inf,31266163,275316,0.88,Americas
British Virgin Islands (UK),6902,63,0,6839,0,0,0,0.91,0.0,inf,6765,137,2.03,Americas
Brunei,154133,225,0,153908,522,0,0,0.15,0.0,inf,151161,2972,1.97,Western Pacific
Bulgaria,1167314,37206,0,1130108,167,2,0,3.19,0.0,inf,1166316,998,0.09,Europe
Burkina Faso,20899,384,0,20515,0,0,0,1.84,0.0,inf,20899,0,0.0,Africa
Burma,613460,19434,0,594026,8,0,0,3.17,0.0,inf,613397,63,0.01,South-East Asia
Burundi,42330,38,0,42292,33,0,0,0.09,0.0,inf,42248,82,0.19,Africa
Cabo Verde,57262,402,0,56860,166,0,0,0.7,0.0,inf,56635,627,1.11,Africa
Cambodia,136262,3056,0,133206,0,0,0,2.24,0.0,inf,136262,0,0.0,Western Pacific
Cameroon,119947,1930,0,118017,0,0,0,1.61,0.0,inf,119947,0,0.0,Africa
Canada,3918237,41603,0,3876634,2417,16,0,1.06,0.0,inf,3902223,16014,0.41,Americas
Cayman Islands (UK),25886,28,0,25858,0,0,0,0.11,0.0,inf,25886,0,0.0,Americas
Central African Republic,14649,113,0,14536,0,0,0,0.77,0.0,inf,14649,0,0.0,Africa
Chad,7420,193,0,7227,0,0,0,2.6,0.0,inf,7418,2,0.03,Africa
Chile,3834020,58119,0,3775901,4901,10,0,1.52,0.0,inf,3760891,73129,1.94,Americas
China,2107342,14617,0,2092725,1054,1,0,0.69,0.0,inf,2101049,6293,0.3,Western Pacific
Colombia,6117847,139894,0,5977953,0,0,0,2.29,0.0,inf,6109105,8742,0.14,Americas
Comoros,8131,160,0,7971,0,0,0,1.97,0.0,inf,8126,5,0.06,Africa
Congo (Brazzaville),24128,385,0,23743,0,0,0,1.6,0.0,inf,24128,0,0.0,Africa
Congo (Kinshasa),89932,1345,0,88587,0,0,0,1.5,0.0,inf,89189,743,0.83,Africa
Costa Rica,904934,8525,0,896409,0,0,0,0.94,0.0,inf,904934,0,0.0,Americas
Cote d'Ivoire,82492,799,0,81693,0,0,0,0.97,0.0,inf,82309,183,0.22,Africa
Croatia,1140078,16020,0,1124058,243,1,0,1.41,0.0,inf,1138278,1800,0.16,Europe
Cuba,1105643,8529,0,1097114,12,0,0,0.77,0.0,inf,1105490,153,0.01,Americas
Curacao (NL),44127,277,0,43850,0,0,0,0.63,0.0,inf,44127,0,0.0,Americas
Cyprus,493984,1068,0,492916,0,0,0,0.22,0.0,inf,491777,2207,0.45,Europe
Czechia,3923943,40303,0,3883640,454,0,0,1.03,0.0,inf,3921844,2099,0.05,Europe
Denmark,3146978,6417,0,3140561,1159,3,0,0.2,0.0,inf,3140665,6313,0.2,Europe
Djibouti,15690,189,0,15501,0,0,0,1.2,0.0,inf,15675,15,0.1,Eastern Mediterranean
Dominica,14717,67,0,14650,79,0,0,0.46,0.0,inf,14295,422,2.95,Americas
Dominican Republic,593324,4382,0,588942,746,0,0,0.74,0.0,inf,588408,4916,0.84,Americas
Ecuador,890852,35659,0,855193,0,0,0,4.0,0.0,inf,885318,5534,0.63,Americas
Egypt,515645,24720,0,490925,0,0,0,4.79,0.0,inf,515645,0,0.0,Eastern Mediterranean
El Salvador,164134,4135,0,159999,0,0,0,2.52,0.0,inf,164134,0,0.0,Americas
Equatorial Guinea,15945,183,0,15762,0,0,0,1.15,0.0,inf,15927,18,0.11,Africa
Eritrea,9773,103,0,9670,2,0,0,1.05,0.0,inf,9768,5,0.05,Africa
Estonia,578494,2586,0,575908,839,12,0,0.45,0.0,inf,577655,839,0.15,Europe
Eswatini,72935,1410,0,71525,31,0,0,1.93,0.0,inf,72749,186,0.26,Africa
Ethiopia,480450,7517,0,472933,966,0,0,1.56,0.0,inf,475764,4686,0.98,Africa
Falkland Islands (Malvinas) (UK),1733,0,0,1733,0,0,0,0.0,0.0,0.0,1717,16,0.93,Africa
Faroe Islands (DK),34658,28,0,34630,0,0,0,0.08,0.0,inf,34658,0,0.0,Europe
Fiji,65217,865,0,64352,0,0,0,1.33,0.0,inf,65103,114,0.18,Western Pacific
Finland,1114573,4714,0,1109859,0,0,0,0.42,0.0,inf,1105211,9362,0.85,Europe
France,29160121,146002,0,29014119,164425,135,0,0.5,0.0,inf,28903625,256496,0.89,Europe
French Guiana,84507,399,0,84108,836,2,0,0.47,0.0,inf,83671,836,1.0,Americas
French Polynesia,73106,649,0,72457,0,0,0,0.89,0.0,inf,73014,92,0.13,Western Pacific
Gabon,47711,304,0,47407,0,0,0,0.64,0.0,inf,47677,34,0.07,Africa
Gambia,12002,365,0,11637,0,0,0,3.04,0.0,inf,12002,0,0.0,Africa
Georgia,1658240,16835,0,1641405,0,0,0,1.02,0.0,inf,1658240,0,0.0,Europe
Germany,27007429,140026,0,26867403,92344,112,0,0.52,0.0,inf,26583016,424413,1.6,Europe
Ghana,162646,1445,0,161201,711,0,0,0.89,0.0,inf,161841,805,0.5,Africa
Gibraltar (UK),18806,102,0,18704,0,0,0,0.54,0.0,inf,18560,246,1.33,Europe
Greece,3508610,30033,0,3478577,8121,13,0,0.86,0.0,inf,3478779,29831,0.86,Europe
Greenland (DK),11971,21,0,11950,0,0,0,0.18,0.0,inf,11971,0,0.0,Europe
Grenada,18115,231,0,17884,80,0,0,1.28,0.0,inf,17948,167,0.93,Americas
Guadeloupe (FR),164325,950,0,163375,2135,1,0,0.58,0.0,inf,162190,2135,1.32,Americas
Guatemala,872788,18309,0,854479,1525,16,0,2.1,0.0,inf,865900,6888,0.8,Americas
Guinea,36817,442,0,36375,0,0,0,1.2,0.0,inf,36764,53,0.14,Africa
Guinea-Bissau,8307,171,0,8136,1,0,0,2.06,0.0,inf,8290,17,0.21,Africa
Guyana,66009,1242,0,64767,83,2,0,1.88,0.0,inf,65422,587,0.9,Americas
Haiti,31034,837,0,30197,30,0,0,2.7,0.0,inf,30940,94,0.3,Americas
Holy See,29,0,0,29,0,0,0,0.0,0.0,0.0,29,0,0.0,Europe
Honduras,425655,10902,0,414753,0,0,0,2.56,0.0,inf,425471,184,0.04,Americas
Hungary,1921486,46571,0,1874915,0,0,0,2.42,0.0,inf,1919840,1646,0.09,Europe
Iceland,190643,153,0,190490,629,0,0,0.08,0.0,inf,189319,1324,0.7,Europe
India,43245517,524792,0,42720725,8822,15,0,1.21,0.0,inf,43190282,55235,0.13,South-East Asia
Indonesia,6056017,156604,0,5899413,0,0,0,2.59,0.0,inf,6056017,0,0.0,South-East Asia
Iran,7234042,141353,0,7092689,162,1,0,1.95,0.0,inf,7232929,1113,0.02,Eastern Mediterranean
Iraq,2330393,25224,0,2305169,344,1,0,1.08,0.0,inf,2328957,1436,0.06,Eastern Mediterranean
Ireland,1570519,7416,0,1563103,0,0,0,0.47,0.0,inf,1565970,4549,0.29,Europe
Israel,4198194,10882,0,4187312,8344,0,0,0.26,0.0,inf,4159589,38605,0.93,Europe
Italy,17703887,167505,0,17536382,39844,73,0,0.95,0.0,inf,17543136,160751,0.92,Europe
Jamaica,140754,3091,0,137663,84,7,0,2.2,0.0,inf,139203,1551,1.11,Americas
Japan,9062918,30938,0,9031980,15314,29,0,0.34,0.0,inf,8960177,102741,1.15,Western Pacific
Jordan,1697673,14068,0,1683605,402,0,0,0.83,0.0,inf,1697271,402,0.02,Eastern Mediterranean
Kazakhstan,1395068,19017,0,1376051,7,0,0,1.36,0.0,inf,1394997,71,0.01,Europe
Kenya,327425,5651,0,321774,280,0,0,1.73,0.0,inf,325797,1628,0.5,Africa
Kiribati,3215,13,0,3202,6,0,0,0.4,0.0,inf,3183,32,1.01,Western Pacific
"Korea, North",1,6,0,-5,0,0,0,600.0,0.0,inf,1,0,0.0,
Kosovo,228450,3139,0,225311,8,0,0,1.37,0.0,inf,228397,53,0.02,Europe
Kuwait,637061,2555,0,634506,821,0,0,0.4,0.0,inf,634537,2524,0.4,Eastern Mediterranean
Kyrgyzstan,200993,2991,0,198002,0,0,0,1.49,0.0,inf,200993,0,0.0,Europe
Laos,210164,757,0,209407,6,0,0,0.36,0.0,inf,210098,66,0.03,Western Pacific
Latvia,830977,5841,0,825136,279,2,0,0.7,0.0,inf,829640,1337,0.16,Europe
Lebanon,1101508,10447,0,1091061,261,1,0,0.95,0.0,inf,1099896,1612,0.15,Eastern Mediterranean
Lesotho,33746,699,0,33047,0,0,0,2.07,0.0,inf,33562,184,0.55,Africa
Liberia,7460,294,0,7166,1,0,0,3.94,0.0,inf,7456,4,0.05,Africa
Libya,502076,6430,0,495646,0,0,0,1.28,0.0,inf,502040,36,0.01,Eastern Mediterranean
Liechtenstein,17628,85,0,17543,0,0,0,0.48,0.0,inf,17568,60,0.34,Europe
Lithuania,1064308,9155,0,1055153,244,0,0,0.86,0.0,inf,1063297,1011,0.1,Europe
Luxembourg,252693,1084,0,251609,820,0,0,0.43,0.0,inf,249319,3374,1.35,Europe
Madagascar,64685,1396,0,63289,0,0,0,2.16,0.0,inf,64478,207,0.32,Africa
Malawi,86134,2642,0,83492,27,0,0,3.07,0.0,inf,86036,98,0.11,Africa
Malaysia,4530312,35720,0,4494592,1922,4,0,0.79,0.0,inf,4517447,12865,0.28,Western Pacific
Maldives,179979,299,0,179680,0,0,0,0.17,0.0,inf,179837,142,0.08,South-East Asia
Mali,31132,736,0,30396,5,0,0,2.36,0.0,inf,31115,17,0.05,Africa
Malta,96490,728,0,95762,200,1,0,0.75,0.0,inf,95365,1125,1.18,Europe
Marshall Islands,18,0,0,18,0,0,0,0.0,0.0,0.0,18,0,0.0,Western Pacific
Martinique (FR),180883,950,0,179933,8000,8,0,0.53,0.0,inf,172883,8000,4.63,Americas
Mauritania,59260,982,0,58278,8,0,0,1.66,0.0,inf,59212,48,0.08,Africa
Mauritius,227442,1000,0,226442,0,0,0,0.44,0.0,inf,226851,591,0.26,Africa
Mayotte (FR),37751,187,0,37564,0,0,0,0.5,0.0,inf,37657,94,0.25,Africa
Mexico,5833738,325242,0,5508496,9894,48,0,5.58,0.0,inf,5797427,36311,0.63,Americas
Micronesia,35,0,0,35,0,0,0,0.0,0.0,0.0,34,1,2.94,Western Pacific
Moldova,519234,11554,0,507680,0,0,0,2.23,0.0,inf,519001,233,0.04,Europe
Monaco,12514,57,0,12457,0,0,0,0.46,0.0,inf,12360,154,1.25,Europe
Mongolia,926282,2179,0,924103,0,0,0,0.24,0.0,inf,925227,1055,0.11,Western Pacific
Montenegro,238043,2722,0,235321,98,0,0,1.14,0.0,inf,237634,409,0.17,Europe
Montserrat (UK),1012,8,0,1004,0,0,0,0.79,0.0,inf,1003,9,0.9,Americas
Morocco,1177842,16083,0,1161759,1677,1,0,1.37,0.0,inf,1171034,6808,0.58,Eastern Mediterranean
Mozambique,226631,2208,0,224423,150,2,0,0.97,0.0,inf,226065,566,0.25,Africa
Namibia,168448,4049,0,164399,0,0,0,2.4,0.0,inf,167565,883,0.53,Africa
Nepal,979278,11952,0,967326,7,0,0,1.22,0.0,inf,979213,65,0.01,South-East Asia
Netherlands,8110731,22336,0,8088395,2874,0,0,0.28,0.0,inf,8095313,15418,0.19,Europe
New Zealand,1260280,1296,0,1258984,5711,9,0,0.1,0.0,inf,1219257,41023,3.36,Western Pacific
Nicaragua,14577,240,0,14337,0,0,0,1.65,0.0,inf,14538,39,0.27,Americas
Niger,9031,310,0,8721,0,0,0,3.43,0.0,inf,9031,0,0.0,Africa
Nigeria,256404,3144,0,253260,52,0,0,1.23,0.0,inf,256227,177,0.07,Africa
North Macedonia,312673,9316,0,303357,66,0,0,2.98,0.0,inf,312345,328,0.11,Europe
Norway,1437767,3210,0,1434557,424,0,0,0.22,0.0,inf,1435285,2482,0.17,Europe
Oman,389758,4260,0,385498,0,0,0,1.09,0.0,inf,389473,285,0.07,Eastern Mediterranean
Pakistan,1531437,30381,0,1501056,163,0,0,1.98,0.0,inf,1530878,559,0.04,Eastern Mediterranean
Palau,5165,6,0,5159,20,0,0,0.12,0.0,inf,5126,39,0.76,Western Pacific
Panama,894844,8312,0,886532,2389,5,0,0.93,0.0,inf,879009,15835,1.8,Americas
Papua New Guinea,44675,658,0,44017,13,0,0,1.47,0.0,inf,44639,36,0.08,Western Pacific
Paraguay,652044,18932,0,633112,0,0,0,2.9,0.0,inf,651268,776,0.12,Americas
Peru,3592765,213343,0,3379422,949,5,0,5.94,0.0,inf,3586242,6523,0.18,Americas
Philippines,3693865,60461,0,3633404,257,0,0,1.64,0.0,inf,3691892,1973,0.05,Western Pacific
Poland,6010411,116380,0,5894031,321,9,0,1.94,0.0,inf,6009003,1408,0.02,Europe
Portugal,4985742,23707,0,4962035,68615,176,0,0.48,0.0,inf,4846230,139512,2.88,Europe
Qatar,373178,677,0,372501,474,0,0,0.18,0.0,inf,370551,2627,0.71,Eastern Mediterranean
Reunion (FR),419968,799,0,419169,1383,3,0,0.19,0.0,inf,416661,3307,0.79,Africa
Romania,2912705,65714,0,2846991,0,0,0,2.26,0.0,inf,2911170,1535,0.05,Europe
Russia,18113989,372452,0,17741537,2749,60,0,2.06,0.0,inf,18090459,23530,0.13,Europe
Rwanda,130413,1459,0,128954,38,0,0,1.12,0.0,inf,130215,198,0.15,Africa
Saint Kitts and Nevis,5873,43,0,5830,21,0,0,0.73,0.0,inf,5811,62,1.07,Americas
Saint Lucia,26629,376,0,26253,45,0,0,1.41,0.0,inf,26234,395,1.51,Americas
Saint Pierre and Miquelon (FR),2765,1,0,2764,0,0,0,0.04,0.0,inf,2762,3,0.11,Americas
Saint Vincent and the Grenadines,8916,109,0,8807,33,1,0,1.22,0.0,inf,8807,109,1.24,Americas
Samoa,14422,28,0,14394,107,0,0,0.19,0.0,inf,13924,498,3.58,Western Pacific
San Marino,17124,115,0,17009,0,0,0,0.67,0.0,inf,17124,0,0.0,Europe
Sao Tome and Principe,6010,73,0,5937,0,0,0,1.21,0.0,inf,6003,7,0.12,Africa
Saudi Arabia,780135,9176,0,770959,1152,1,0,1.18,0.0,inf,773221,6914,0.89,Eastern Mediterranean
Senegal,86175,1967,0,84208,5,0,0,2.28,0.0,inf,86140,35,0.04,Africa
Serbia,2020952,16103,0,2004849,356,2,0,0.8,0.0,inf,2019171,1781,0.09,Europe
Seychelles,44397,167,0,44230,34,0,0,0.38,0.0,inf,44199,198,0.45,Africa
Sierra Leone,7685,125,0,7560,0,0,0,1.63,0.0,inf,7682,3,0.04,Africa
Singapore,1348775,1401,0,1347374,5130,3,0,0.1,0.0,inf,1325623,23152,1.75,Western Pacific
Sint Maarten (NL),10508,86,0,10422,0,0,0,0.82,0.0,inf,10434,74,0.71,Americas
Slovakia,2545137,20119,0,2525018,314,3,0,0.79,0.0,inf,2543763,1374,0.05,Europe
Slovenia,1028943,6645,0,1022298,567,1,0,0.65,0.0,inf,1026834,2109,0.21,Europe
Solomon Islands,21237,149,0,21088,0,0,0,0.7,0.0,inf,21237,0,0.0,Western Pacific
Somalia,26675,1361,0,25314,0,0,0,5.1,0.0,inf,26565,110,0.41,Eastern Mediterranean
South Africa,3979836,101550,0,3878286,710,41,0,2.55,0.0,inf,3970993,8843,0.22,Africa
South Korea,18248479,24399,0,18224080,9423,9,0,0.13,0.0,inf,18188200,60279,0.33,Western Pacific
South Sudan,17659,138,0,17521,15,0,0,0.78,0.0,inf,17630,29,0.16,Africa
Spain,12515127,107239,0,12407888,36133,131,0,0.86,0.0,inf,12436538,78589,0.63,Europe
Sri Lanka,663965,16519,0,647446,5,0,0,2.49,0.0,inf,663895,70,0.01,South-East Asia
Sudan,62475,4950,0,57525,0,0,0,7.92,0.0,inf,62399,76,0.12,Eastern Mediterranean
Summer Olympics 2020,865,0,0,865,0,0,0,0.0,0.0,0.0,865,0,0.0,
Suriname,80766,1355,0,79411,93,3,0,1.68,0.0,inf,80673,93,0.12,Americas
Sweden,2510930,19049,0,2491881,0,0,0,0.76,0.0,inf,2509366,1564,0.06,Europe
Switzerland,3701895,13817,0,3688078,16614,2,0,0.37,0.0,inf,3685281,16614,0.45,Europe
Syria,55908,3150,0,52758,1,0,0,5.63,0.0,inf,55899,9,0.02,Eastern Mediterranean
Taiwan*,3003501,4403,0,2999098,66138,123,0,0.15,0.0,inf,2540871,462630,18.21,Western Pacific
Tajikistan,17786,125,0,17661,0,0,0,0.7,0.0,inf,17786,0,0.0,Europe
Tanzania,35354,840,0,34514,0,0,0,2.38,0.0,inf,35354,0,0.0,Africa
Thailand,4490760,30386,0,4460374,2263,18,0,0.68,0.0,inf,4473867,16893,0.38,South-East Asia
Timor-Leste,22940,133,0,22807,7,0,0,0.58,0.0,inf,22928,12,0.05,South-East Asia
Togo,37210,273,0,36937,10,0,0,0.73,0.0,inf,37142,68,0.18,Africa
Tonga,11909,12,0,11897,0,0,0,0.1,0.0,inf,11890,19,0.16,Western Pacific
Trinidad and Tobago,164950,3967,0,160983,121,2,0,2.4,0.0,inf,163178,1772,1.09,Americas
Tunisia,1044426,28655,0,1015771,886,7,0,2.74,0.0,inf,1043540,886,0.08,Eastern Mediterranean
Turkey,15085742,98996,0,14986746,7556,20,0,0.66,0.0,inf,15078186,7556,0.05,Europe
Turks and Caicos Islands (UK),6160,36,0,6124,0,0,0,0.58,0.0,inf,6148,12,0.2,Americas
US,85758638,1011925,0,84746713,125830,382,0,1.18,0.0,inf,85026595,732043,0.86,Americas
Uganda,166378,3605,0,162773,59,3,0,2.17,0.0,inf,165734,644,0.39,Africa
Ukraine,5040518,112459,0,4928059,0,0,0,2.23,0.0,inf,5040518,0,0.0,Europe
United Arab Emirates,920171,2305,0,917866,1356,0,0,0.25,0.0,inf,912086,8085,0.89,Eastern Mediterranean
United Kingdom,22548296,179784,0,22368512,12028,89,0,0.8,0.0,inf,22473809,74487,0.33,Europe
Uruguay,943877,7290,0,936587,0,0,0,0.77,0.0,inf,934961,8916,0.95,Americas
Uzbekistan,239280,1637,0,237643,8,0,0,0.68,0.0,inf,239141,139,0.06,Europe
Vanuatu,10695,14,0,10681,120,0,0,0.13,0.0,inf,10239,456,4.45,Western Pacific
Venezuela,524321,5724,0,518597,0,0,0,1.09,0.0,inf,523969,352,0.07,Americas
Vietnam,10733285,43083,0,10690202,856,0,0,0.4,0.0,inf,10727005,6280,0.06,Western Pacific
West Bank and Gaza,657879,5660,0,652219,0,0,0,0.86,0.0,inf,657879,0,0.0,Eastern Mediterranean
Winter Olympics 2022,535,0,0,535,0,0,0,0.0,0.0,0.0,535,0,0.0,
Yemen,11822,2149,0,9673,0,0,0,18.18,0.0,inf,11822,0,0.0,Eastern Mediterranean
Zambia,323337,3989,0,319348,54,0,0,1.23,0.0,inf,322562,775,0.24,Africa
Zimbabwe,254155,5521,0,248634,0,0,0,2.17,0.0,inf,253637,518,0.2,Africa
