Country,Confirmed,Deaths,Recovered,Active,New cases,New deaths,New recovered,Deaths / 100 Cases,Recovered / 100 Cases,Deaths / 100 Recovered,Confirmed last week,1 week change,1 week % increase,WHO Region
Afghanistan,193520,7778,0,185742,270,1,0,4.02,0.0,inf,191967,1553,0.81,Eastern Mediterranean
Albania,329615,3583,0,326032,263,1,0,1.09,0.0,inf,327607,2008,0.61,Europe
Algeria,270359,6878,0,263481,55,0,0,2.54,0.0,inf,270097,262,0.1,Africa
Andorra,46027,154,0,45873,0,0,0,0.33,0.0,inf,46027,0,0.0,Europe
Angola,102636,1917,0,100719,0,0,0,1.87,0.0,inf,102636,0,0.0,Africa
Anguilla (UK),3837,11,0,3826,0,0,0,0.29,0.0,inf,3805,32,0.84,Americas
Antarctica,11,0,0,11,0,0,0,0.0,0.0,0.0,11,0,0.0,
Antigua and Barbuda,8974,145,0,8829,0,0,0,1.62,0.0,inf,8949,25,0.28,Americas
Argentina,9678225,129711,0,9548514,0,0,0,1.34,0.0,inf,9658391,19834,0.21,Americas
Armenia,434398,8655,0,425743,0,0,0,1.99,0.0,inf,432274,2124,0.49,Europe
Aruba (NL),42848,227,0,42621,0,0,0,0.53,0.0,inf,42750,98,0.23,Americas
Australia,10051647,13999,0,10037648,9566,38,0,0.14,0.0,inf,9976736,74911,0.75,Western Pacific
Austria,4961354,20648,0,4940706,5344,9,0,0.42,0.0,inf,4929134,32220,0.65,Europe
Azerbaijan,813998,9805,0,804193,561,0,0,1.2,0.0,inf,810589,3409,0.42,Europe
Bahamas,37081,823,0,36258,6,0,0,2.22,0.0,inf,37032,49,0.13,Americas
Bahrain,671920,1515,0,670405,223,0,0,0.23,0.0,inf,670577,1343,0.2,Eastern Mediterranean
Bangladesh,2012162,29325,0,1982837,216,2,0,1.46,0.0,inf,2010748,1414,0.07,South-East Asia
Barbados,101215,544,0,100671,95,2,0,0.54,0.0,inf,100373,842,0.84,Americas
Belarus,994037,7118,0,986919,0,0,0,0.72,0.0,inf,994037,0,0.0,Europe
Belgium,4488054,32534,0,4455520,5739,18,0,0.72,0.0,inf,4477770,10284,0.23,Europe
Belize,68302,680,0,67622,0,0,0,1.0,0.0,inf,68111,191,0.28,Americas
Benin,27490,163,0,27327,0,0,0,0.59,0.0,inf,27316,174,0.64,Africa
Bhutan,61076,21,0,61055,0,0,0,0.03,0.0,inf,60898,178,0.29,South-East Asia
Bolivia,1103008,22201,0,1080807,1356,3,0,2.01,0.0,inf,1096844,6164,0.56,Americas
Bosnia and Herzegovina,395994,16057,0,379937,144,7,0,4.05,0.0,inf,394866,1128,0.29,Europe
Botswana,325864,2778,0,323086,0,0,0,0.85,0.0,inf,325864,0,0.0,Africa
Brazil,34429853,683965,0,33745888,0,0,0,1.99,0.0,inf,34350639,79214,0.23,Americas
British Virgin Islands (UK),7291,64,0,7227,0,0,0,0.88,0.0,inf,7131,160,2.24,Americas
Brunei,220245,225,0,220020,0,0,0,0.1,0.0,inf,220245,0,0.0,Western Pacific
Bulgaria,1243657,37607,0,1206050,747,4,0,3.02,0.0,inf,1238531,5126,0.41,Europe
Burkina Faso,21128,387,0,20741,0,0,0,1.83,0.0,inf,21128,0,0.0,Africa
Burma,615315,19439,0,595876,94,1,0,3.16,0.0,inf,614573,742,0.12,South-East Asia
Burundi,49287,38,0,49249,0,0,0,0.08,0.0,inf,49063,224,0.46,Africa
Cabo Verde,62322,410,0,61912,2,0,0,0.66,0.0,inf,62301,21,0.03,Africa
Cambodia,137629,3056,0,134573,9,0,0,2.22,0.0,inf,137497,132,0.1,Western Pacific
Cameroon,121652,1935,0,119717,0,0,0,1.59,0.0,inf,120967,685,0.57,Africa
Canada,4204299,44316,0,4159983,9420,152,0,1.05,0.0,inf,4183149,21150,0.51,Americas
Cayman Islands (UK),30057,29,0,30028,0,0,0,0.1,0.0,inf,30057,0,0.0,Americas
Central African Republic,14862,113,0,14749,0,0,0,0.76,0.0,inf,14862,0,0.0,Africa
Chad,7538,193,0,7345,0,0,0,2.56,0.0,inf,7491,47,0.63,Africa
Chile,4508422,60451,0,4447971,0,0,0,1.34,0.0,inf,4471118,37304,0.83,Americas
China,2510703,14933,0,2495770,12615,11,0,0.59,0.0,inf,2435598,75105,3.08,Western Pacific
Colombia,6302809,141646,0,6161163,3214,127,0,2.25,0.0,inf,6299595,3214,0.05,Americas
Comoros,8455,161,0,8294,0,0,0,1.9,0.0,inf,8425,30,0.36,Africa
Congo (Brazzaville),24837,386,0,24451,0,0,0,1.55,0.0,inf,24837,0,0.0,Africa
Congo (Kinshasa),92711,1405,0,91306,77,5,0,1.52,0.0,inf,92588,123,0.13,Africa
Costa Rica,1088716,8856,0,1079860,0,0,0,0.81,0.0,inf,1079825,8891,0.82,Americas
Cote d'Ivoire,86760,819,0,85941,22,0,0,0.94,0.0,inf,86542,218,0.25,Africa
Croatia,1214579,16712,0,1197867,921,10,0,1.38,0.0,inf,1209580,4999,0.41,Europe
Cuba,1110586,8530,0,1102056,47,0,0,0.77,0.0,inf,1110218,368,0.03,Americas
Curacao (NL),45302,287,0,45015,0,0,0,0.63,0.0,inf,45277,25,0.06,Americas
Cyprus,576278,1168,0,575110,0,0,0,0.2,0.0,inf,574124,2154,0.38,Europe
Czechia,4044340,40839,0,4003501,1632,10,0,1.01,0.0,inf,4031703,12637,0.31,Europe
Denmark,3273997,6934,0,3267063,792,11,0,0.21,0.0,inf,3268387,5610,0.17,Europe
Djibouti,15690,189,0,15501,0,0,0,1.2,0.0,inf,15690,0,0.0,Eastern Mediterranean
Dominica,14852,68,0,14784,0,0,0,0.46,0.0,inf,14852,0,0.0,Americas
Dominican Republic,638500,4384,0,634116,0,0,0,0.69,0.0,inf,637573,927,0.15,Americas
Ecuador,995968,35843,0,960125,0,0,0,3.6,0.0,inf,992838,3130,0.32,Americas
Egypt,515645,24794,0,490851,0,0,0,4.81,0.0,inf,515645,0,0.0,Eastern Mediterranean
El Salvador,201785,4224,0,197561,0,1,0,2.09,0.0,inf,190818,10967,5.75,Americas
Equatorial Guinea,16956,183,0,16773,0,0,0,1.08,0.0,inf,16938,18,0.11,Africa
Eritrea,10155,103,0,10052,1,0,0,1.01,0.0,inf,10149,6,0.06,Africa
Estonia,597838,2651,0,595187,0,0,0,0.44,0.0,inf,596763,1075,0.18,Europe
Eswatini,73367,1422,0,71945,0,0,0,1.94,0.0,inf,73353,14,0.02,Africa
Ethiopia,493197,7572,0,485625,7,0,0,1.54,0.0,inf,493089,108,0.02,Africa
Falkland Islands (Malvinas) (UK),1886,0,0,1886,0,0,0,0.0,0.0,0.0,1886,0,0.0,Africa
Faroe Islands (DK),34658,28,0,34630,0,0,0,0.08,0.0,inf,34658,0,0.0,Europe
Fiji,68177,878,0,67299,24,0,0,1.29,0.0,inf,68116,61,0.09,Western Pacific
Finland,1266917,5690,0,1261227,8119,113,0,0.45,0.0,inf,1258798,8119,0.64,Europe
France,33683344,151060,0,33532284,18646,41,0,0.45,0.0,inf,33573249,110095,0.33,Europe
French Guiana,93586,408,0,93178,0,0,0,0.44,0.0,inf,93420,166,0.18,Americas
French Polynesia,76484,649,0,75835,25,0,0,0.85,0.0,inf,76415,69,0.09,Western Pacific
Gabon,48649,306,0,48343,0,0,0,0.63,0.0,inf,48635,14,0.03,Africa
Gambia,12311,371,0,11940,0,0,0,3.01,0.0,inf,12311,0,0.0,Africa
Georgia,1735682,16889,0,1718793,0,0,0,0.97,0.0,inf,1735682,0,0.0,Europe
Germany,32218483,147642,0,32070841,33930,148,0,0.46,0.0,inf,32008122,210361,0.66,Europe
Ghana,168580,1459,0,167121,0,0,0,0.87,0.0,inf,168457,123,0.07,Africa
Gibraltar (UK),20069,108,0,19961,20,1,0,0.54,0.0,inf,20049,20,0.1,Europe
Greece,4762827,32552,0,4730275,0,0,0,0.68,0.0,inf,4712025,50802,1.08,Europe
Greenland (DK),11971,21,0,11950,0,0,0,0.18,0.0,inf,11971,0,0.0,Europe
Grenada,19346,236,0,19110,57,0,0,1.22,0.0,inf,19268,78,0.4,Americas
Guadeloupe (FR),191997,986,0,191011,0,0,0,0.51,0.0,inf,190054,1943,1.02,Americas
Guatemala,1103606,19514,0,1084092,1652,24,0,1.77,0.0,inf,1092545,11061,1.01,Americas
Guinea,37470,447,0,37023,0,0,0,1.19,0.0,inf,37470,0,0.0,Africa
Guinea-Bissau,8491,175,0,8316,0,0,0,2.06,0.0,inf,8482,9,0.11,Africa
Guyana,71062,1278,0,69784,27,0,0,1.8,0.0,inf,70926,136,0.19,Americas
Haiti,33381,841,0,32540,0,0,0,2.52,0.0,inf,33133,248,0.75,Americas
Holy See,29,0,0,29,0,0,0,0.0,0.0,0.0,29,0,0.0,Europe
Honduras,454192,10974,0,443218,749,2,0,2.42,0.0,inf,452305,1887,0.42,Americas
Hungary,2048547,47291,0,2001256,0,0,0,2.31,0.0,inf,2036390,12157,0.6,Europe
Iceland,204717,213,0,204504,0,0,0,0.1,0.0,inf,204268,449,0.22,Europe
India,44442507,527932,0,43914575,6168,21,0,1.19,0.0,inf,44389176,53331,0.12,South-East Asia
Indonesia,6362902,157591,0,6205311,4094,25,0,2.48,0.0,inf,6334357,28545,0.45,South-East Asia
Iran,7530325,143894,0,7386431,1364,27,0,1.91,0.0,inf,7518974,11351,0.15,Eastern Mediterranean
Iraq,2457871,25346,0,2432525,0,0,0,1.03,0.0,inf,2456555,1316,0.05,Eastern Mediterranean
Ireland,1656956,7839,0,1649117,0,0,0,0.47,0.0,inf,1655338,1618,0.1,Europe
Israel,4634242,11620,0,4622622,825,0,0,0.25,0.0,inf,4628082,6160,0.13,Europe
Italy,21888255,175663,0,21712592,20498,68,0,0.8,0.0,inf,21745065,143190,0.66,Europe
Jamaica,149911,3254,0,146657,113,0,0,2.17,0.0,inf,149218,693,0.46,Americas
Japan,19099600,40241,0,19059359,149807,303,0,0.21,0.0,inf,18001865,1097735,6.1,Western Pacific
Jordan,1735495,14110,0,1721385,0,0,0,0.81,0.0,inf,1731549,3946,0.23,Eastern Mediterranean
Kazakhstan,1478605,19041,0,1459564,211,0,0,1.29,0.0,inf,1475615,2990,0.2,Europe
Kenya,338210,5674,0,332536,27,0,0,1.68,0.0,inf,338093,117,0.03,Africa
Kiribati,3430,13,0,3417,0,0,0,0.38,0.0,inf,3430,0,0.0,Western Pacific
"Korea, North",1,6,0,-5,0,0,0,600.0,0.0,inf,1,0,0.0,
Kosovo,271540,3197,0,268343,64,1,0,1.18,0.0,inf,270709,831,0.31,Europe
Kuwait,657395,2563,0,654832,0,0,0,0.39,0.0,inf,657042,353,0.05,Eastern Mediterranean
Kyrgyzstan,205716,2991,0,202725,0,0,0,1.45,0.0,inf,205537,179,0.09,Europe
Laos,214169,757,0,213412,130,0,0,0.35,0.0,inf,213591,578,0.27,Western Pacific
Latvia,899938,5947,0,893991,805,1,0,0.66,0.0,inf,894519,5419,0.61,Europe
Lebanon,1209872,10631,0,1199241,394,4,0,0.88,0.0,inf,1206757,3115,0.26,Eastern Mediterranean
Lesotho,34206,704,0,33502,0,0,0,2.06,0.0,inf,34206,0,0.0,Africa
Liberia,7883,294,0,7589,0,0,0,3.73,0.0,inf,7732,151,1.95,Africa
Libya,506822,6437,0,500385,32,0,0,1.27,0.0,inf,506705,117,0.02,Eastern Mediterranean
Liechtenstein,19161,86,0,19075,0,0,0,0.45,0.0,inf,19047,114,0.6,Europe
Lithuania,1219230,9291,0,1209939,903,2,0,0.76,0.0,inf,1213520,5710,0.47,Europe
Luxembourg,286968,1123,0,285845,141,0,0,0.39,0.0,inf,286188,780,0.27,Europe
Madagascar,66626,1410,0,65216,0,0,0,2.12,0.0,inf,66615,11,0.02,Africa
Malawi,87877,2676,0,85201,17,0,0,3.05,0.0,inf,87814,63,0.07,Africa
Malaysia,4784980,36225,0,4748755,2356,9,0,0.76,0.0,inf,4768394,16586,0.35,Western Pacific
Maldives,184856,308,0,184548,0,0,0,0.17,0.0,inf,184788,68,0.04,South-East Asia
Mali,31462,739,0,30723,50,0,0,2.35,0.0,inf,31290,172,0.55,Africa
Malta,114075,801,0,113274,25,0,0,0.7,0.0,inf,113916,159,0.14,Europe
Marshall Islands,15058,17,0,15041,16,0,0,0.11,0.0,inf,14250,808,5.67,Western Pacific
Martinique (FR),215582,1022,0,214560,0,0,0,0.47,0.0,inf,213889,1693,0.79,Americas
Mauritania,62768,993,0,61775,3,0,0,1.58,0.0,inf,62756,12,0.02,Africa
Mauritius,256452,1023,0,255429,0,0,0,0.4,0.0,inf,254400,2052,0.81,Africa
Mayotte (FR),40004,187,0,39817,0,0,0,0.47,0.0,inf,39895,109,0.27,Africa
Mexico,7032024,329536,0,6702488,17514,146,0,4.69,0.0,inf,7001590,30434,0.43,Americas
Micronesia,7856,27,0,7829,529,1,0,0.34,0.0,inf,7202,654,9.08,Western Pacific
Moldova,575052,11755,0,563297,0,0,0,2.04,0.0,inf,569088,5964,1.05,Europe
Monaco,14384,61,0,14323,5,0,0,0.42,0.0,inf,14357,27,0.19,Europe
Mongolia,979985,2129,0,977856,1025,1,0,0.22,0.0,inf,976751,3234,0.33,Western Pacific
Montenegro,275791,2773,0,273018,253,0,0,1.01,0.0,inf,274218,1573,0.57,Europe
Montserrat (UK),1145,8,0,1137,0,0,0,0.7,0.0,inf,1120,25,2.23,Americas
Morocco,1264468,16273,0,1248195,33,0,0,1.29,0.0,inf,1264200,268,0.02,Eastern Mediterranean
Mozambique,230095,2220,0,227875,19,0,0,0.96,0.0,inf,230019,76,0.03,Africa
Namibia,169253,4077,0,165176,0,0,0,2.41,0.0,inf,169253,0,0.0,Africa
Nepal,997526,12002,0,985524,180,1,0,1.2,0.0,inf,996442,1084,0.11,South-East Asia
Netherlands,8386189,22600,0,8363589,0,0,0,0.27,0.0,inf,8379737,6452,0.08,Europe
New Zealand,1751202,1911,0,1749291,1895,2,0,0.11,0.0,inf,1736759,14443,0.83,Western Pacific
Nicaragua,14931,244,0,14687,0,0,0,1.63,0.0,inf,14931,0,0.0,Americas
Niger,9931,312,0,9619,0,0,0,3.14,0.0,inf,9263,668,7.21,Africa
Nigeria,263694,3148,0,260546,168,0,0,1.19,0.0,inf,263322,372,0.14,Africa
North Macedonia,340510,9490,0,331020,169,1,0,2.79,0.0,inf,339240,1270,0.37,Europe
Norway,1460246,3980,0,1456266,119,0,0,0.27,0.0,inf,1459526,720,0.05,Europe
Oman,397846,4628,0,393218,0,0,0,1.16,0.0,inf,397846,0,0.0,Eastern Mediterranean
Pakistan,1569076,30581,0,1538495,0,0,0,1.95,0.0,inf,1567893,1183,0.08,Eastern Mediterranean
Palau,5348,6,0,5342,0,0,0,0.11,0.0,inf,5308,40,0.75,Western Pacific
Panama,978181,8470,0,969711,0,0,0,0.87,0.0,inf,972800,5381,0.55,Americas
Papua New Guinea,44887,664,0,44223,7,0,0,1.48,0.0,inf,44876,11,0.02,Western Pacific
Paraguay,715162,19478,0,695684,0,0,0,2.72,0.0,inf,714340,822,0.12,Americas
Peru,4103874,215762,0,3888112,0,0,0,5.26,0.0,inf,4091366,12508,0.31,Americas
Philippines,3883957,61864,0,3822093,3728,50,0,1.59,0.0,inf,3867071,16886,0.44,Western Pacific
Poland,6180224,117119,0,6063105,3339,26,0,1.9,0.0,inf,6158817,21407,0.35,Europe
Portugal,5420140,24857,0,5395283,0,2,0,0.46,0.0,inf,5406095,14045,0.26,Europe
Qatar,429963,681,0,429282,567,0,0,0.16,0.0,inf,426083,3880,0.91,Eastern Mediterranean
Reunion (FR),460376,861,0,459515,0,0,0,0.19,0.0,inf,454665,5711,1.26,Africa
Romania,3221984,66728,0,3155256,2630,19,0,2.07,0.0,inf,3202866,19118,0.6,Europe
Russia,19293663,376653,0,18917010,49016,95,0,1.95,0.0,inf,18985174,308489,1.62,Europe
Rwanda,132443,1466,0,130977,4,0,0,1.11,0.0,inf,132408,35,0.03,Africa
Saint Kitts and Nevis,6515,46,0,6469,3,0,0,0.71,0.0,inf,6507,8,0.12,Americas
Saint Lucia,28775,391,0,28384,0,0,0,1.36,0.0,inf,28621,154,0.54,Americas
Saint Pierre and Miquelon (FR),3131,1,0,3130,0,0,0,0.03,0.0,inf,3131,0,0.0,Americas
Saint Vincent and the Grenadines,9429,115,0,9314,1,0,0,1.22,0.0,inf,9415,14,0.15,Americas
Samoa,15839,29,0,15810,0,0,0,0.18,0.0,inf,15767,72,0.46,Western Pacific
San Marino,20385,118,0,20267,12,0,0,0.58,0.0,inf,20310,75,0.37,Europe
Sao Tome and Principe,6153,76,0,6077,0,0,0,1.24,0.0,inf,6136,17,0.28,Africa
Saudi Arabia,813542,9297,0,804245,81,2,0,1.14,0.0,inf,812975,567,0.07,Eastern Mediterranean
Senegal,88098,1968,0,86130,0,0,0,2.23,0.0,inf,87987,111,0.13,Africa
Serbia,2286511,16695,0,2269816,3316,11,0,0.73,0.0,inf,2261899,24612,1.09,Europe
Seychelles,46081,169,0,45912,0,0,0,0.37,0.0,inf,45852,229,0.5,Africa
Sierra Leone,7747,126,0,7621,0,0,0,1.63,0.0,inf,7744,3,0.04,Africa
Singapore,1841288,1593,0,1839695,2044,1,0,0.09,0.0,inf,1827229,14059,0.77,Western Pacific
Sint Maarten (NL),10836,87,0,10749,0,0,0,0.8,0.0,inf,10826,10,0.09,Americas
Slovakia,2580748,20236,0,2560512,0,0,0,0.78,0.0,inf,2580748,0,0.0,Europe
Slovenia,1128269,6784,0,1121485,1554,1,0,0.6,0.0,inf,1118541,9728,0.87,Europe
Solomon Islands,21544,153,0,21391,0,0,0,0.71,0.0,inf,21544,0,0.0,Western Pacific
Somalia,27020,1361,0,25659,0,0,0,5.04,0.0,inf,27020,0,0.0,Eastern Mediterranean
South Africa,4012239,102108,0,3910131,302,24,0,2.54,0.0,inf,4010752,1487,0.04,Africa
South Korea,23417425,26940,0,23390485,89528,64,0,0.12,0.0,inf,22802985,614440,2.69,Western Pacific
South Sudan,17823,138,0,17685,0,0,0,0.77,0.0,inf,17823,0,0.0,Africa
Spain,13342530,112600,0,13229930,0,0,0,0.84,0.0,inf,13323784,18746,0.14,Europe
Sri Lanka,670018,16699,0,653319,61,1,0,2.49,0.0,inf,669581,437,0.07,South-East Asia
Sudan,63228,4961,0,58267,0,0,0,7.85,0.0,inf,63173,55,0.09,Eastern Mediterranean
Summer Olympics 2020,865,0,0,865,0,0,0,0.0,0.0,0.0,865,0,0.0,
Suriname,81039,1383,0,79656,0,0,0,1.71,0.0,inf,81022,17,0.02,Americas
Sweden,2569152,19904,0,2549248,4729,94,0,0.77,0.0,inf,2564423,4729,0.18,Europe
Switzerland,4045011,13974,0,4031037,0,0,0,0.35,0.0,inf,4029657,15354,0.38,Europe
Syria,57058,3163,0,53895,15,0,0,5.54,0.0,inf,56947,111,0.19,Eastern Mediterranean
Taiwan*,5342106,9950,0,5332156,34077,36,0,0.19,0.0,inf,5142279,199827,3.89,Western Pacific
Tajikistan,17786,125,0,17661,0,0,0,0.7,0.0,inf,17786,0,0.0,Europe
Tanzania,38712,841,0,37871,0,0,0,2.17,0.0,inf,38712,0,0.0,Africa
Thailand,4654969,32352,0,4622617,2046,24,0,0.69,0.0,inf,4643012,11957,0.26,South-East Asia
Timor-Leste,23176,138,0,23038,6,0,0,0.6,0.0,inf,23144,32,0.14,South-East Asia
Togo,38500,283,0,38217,9,1,0,0.74,0.0,inf,38394,106,0.28,Africa
Tonga,15235,12,0,15223,0,0,0,0.08,0.0,inf,14741,494,3.35,Western Pacific
Trinidad and Tobago,179248,4148,0,175100,102,4,0,2.31,0.0,inf,177824,1424,0.8,Americas
Tunisia,1143862,29234,0,1114628,0,0,0,2.56,0.0,inf,1142793,1069,0.09,Eastern Mediterranean
Turkey,16671848,100400,0,16571448,0,0,0,0.6,0.0,inf,16671848,0,0.0,Europe
Turks and Caicos Islands (UK),6369,36,0,6333,0,0,0,0.57,0.0,inf,6359,10,0.16,Americas
US,94649469,1047006,0,93602463,117615,679,0,1.11,0.0,inf,94066043,583426,0.62,Americas
Uganda,169396,3628,0,165768,0,0,0,2.14,0.0,inf,169396,0,0.0,Africa
Ukraine,5341445,116629,0,5224816,12182,38,0,2.18,0.0,inf,5325288,16157,0.3,Europe
United Arab Emirates,1015879,2341,0,1013538,481,0,0,0.23,0.0,inf,1012206,3673,0.36,Eastern Mediterranean
United Kingdom,23667370,205750,0,23461620,0,0,0,0.87,0.0,inf,23638052,29318,0.12,Europe
Uruguay,979160,7445,0,971715,0,0,0,0.76,0.0,inf,977305,1855,0.19,Americas
Uzbekistan,243815,1637,0,242178,14,0,0,0.67,0.0,inf,243728,87,0.04,Europe
Vanuatu,11825,14,0,11811,10,0,0,0.12,0.0,inf,11777,48,0.41,Western Pacific
Venezuela,542508,5796,0,536712,0,0,0,1.07,0.0,inf,541807,701,0.13,Americas
Vietnam,11414359,43117,0,11371242,2680,0,0,0.38,0.0,inf,11396205,18154,0.16,Western Pacific
West Bank and Gaza,702332,5704,0,696628,0,0,0,0.81,0.0,inf,698384,3948,0.57,Eastern Mediterranean
Winter Olympics 2022,535,0,0,535,0,0,0,0.0,0.0,0.0,535,0,0.0,
Yemen,11926,2155,0,9771,0,0,0,18.07,0.0,inf,11922,4,0.03,Eastern Mediterranean
Zambia,332822,4016,0,328806,0,0,0,1.21,0.0,inf,332710,112,0.03,Africa
Zimbabwe,256738,5596,0,251142,12,0,0,2.18,0.0,inf,256675,63,0.02,Africa
