Country,Confirmed,Deaths,Recovered,Active,New cases,New deaths,New recovered,Deaths / 100 Cases,Recovered / 100 Cases,Deaths / 100 Recovered,Confirmed last week,1 week change,1 week % increase,WHO Region
Afghanistan,209369,7896,0,201473,7,0,0,3.77,0.0,inf,209246,123,0.06,Eastern Mediterranean
Albania,334427,3598,0,330829,0,0,0,1.08,0.0,inf,334373,54,0.02,Europe
Algeria,271469,6881,0,264588,0,0,0,2.53,0.0,inf,271439,30,0.01,Africa
Andorra,47875,165,0,47710,0,0,0,0.34,0.0,inf,47866,9,0.02,Europe
Angola,105277,1933,0,103344,0,0,0,1.84,0.0,inf,105205,72,0.07,Africa
Anguilla (UK),3904,12,0,3892,0,0,0,0.31,0.0,inf,3904,0,0.0,Americas
Antarctica,11,0,0,11,0,0,0,0.0,0.0,0.0,11,0,0.0,
Antigua and Barbuda,9106,146,0,8960,0,0,0,1.6,0.0,inf,9106,0,0.0,Americas
Argentina,10044125,130463,0,9913662,0,0,0,1.3,0.0,inf,10043308,817,0.01,Americas
Armenia,446819,8721,0,438098,0,0,0,1.95,0.0,inf,446819,0,0.0,Europe
Aruba (NL),44044,282,0,43762,0,0,0,0.64,0.0,inf,44026,18,0.04,Americas
Australia,11385534,19459,0,11366075,0,0,0,0.17,0.0,inf,11366361,19173,0.17,Western Pacific
Austria,5936666,21921,0,5914745,5419,14,0,0.37,0.0,inf,5897047,39619,0.67,Europe
Azerbaijan,828682,10127,0,818555,34,1,0,1.22,0.0,inf,828492,190,0.02,Europe
Bahamas,37491,833,0,36658,0,0,0,2.22,0.0,inf,37491,0,0.0,Americas
Bahrain,708768,1552,0,707216,236,0,0,0.22,0.0,inf,706250,2518,0.36,Eastern Mediterranean
Bangladesh,2037829,29445,0,2008384,0,0,0,1.44,0.0,inf,2037773,56,0.0,South-East Asia
Barbados,106645,575,0,106070,0,0,0,0.54,0.0,inf,106645,0,0.0,Americas
Belarus,994037,7118,0,986919,0,0,0,0.72,0.0,inf,994037,0,0.0,Europe
Belgium,4727795,33775,0,4694020,0,0,0,0.71,0.0,inf,4717655,10140,0.21,Europe
Belize,70757,688,0,70069,0,0,0,0.97,0.0,inf,70740,17,0.02,Americas
Benin,27990,163,0,27827,0,0,0,0.58,0.0,inf,27990,0,0.0,Africa
Bhutan,62620,21,0,62599,0,0,0,0.03,0.0,inf,62615,5,0.01,South-East Asia
Bolivia,1193815,22365,0,1171450,165,0,0,1.87,0.0,inf,1192696,1119,0.09,Americas
Bosnia and Herzegovina,401636,16279,0,385357,0,0,0,4.05,0.0,inf,401575,61,0.02,Europe
Botswana,329727,2801,0,326926,0,0,0,0.85,0.0,inf,329662,65,0.02,Africa
Brazil,37081209,699276,0,36381933,0,0,0,1.89,0.0,inf,37020531,60678,0.16,Americas
British Virgin Islands (UK),7305,64,0,7241,0,0,0,0.88,0.0,inf,7305,0,0.0,Americas
Brunei,278698,225,0,278473,0,0,0,0.08,0.0,inf,277992,706,0.25,Western Pacific
Bulgaria,1297037,38219,0,1258818,31,0,0,2.95,0.0,inf,1296642,395,0.03,Europe
Burkina Faso,22056,396,0,21660,0,0,0,1.8,0.0,inf,22056,0,0.0,Africa
Burma,633945,19490,0,614455,10,0,0,3.07,0.0,inf,633907,38,0.01,South-East Asia
Burundi,53631,38,0,53593,0,0,0,0.07,0.0,inf,53609,22,0.04,Africa
Cabo Verde,63244,413,0,62831,0,0,0,0.65,0.0,inf,63240,4,0.01,Africa
Cambodia,138719,3056,0,135663,0,0,0,2.2,0.0,inf,138714,5,0.0,Western Pacific
Cameroon,124392,1965,0,122427,0,0,0,1.58,0.0,inf,124328,64,0.05,Africa
Canada,4609445,51554,0,4557891,416,7,0,1.12,0.0,inf,4600500,8945,0.19,Americas
Cayman Islands (UK),31472,37,0,31435,0,0,0,0.12,0.0,inf,31472,0,0.0,Americas
Central African Republic,15368,113,0,15255,0,0,0,0.74,0.0,inf,15368,0,0.0,Africa
Chad,7678,194,0,7484,0,0,0,2.53,0.0,inf,7675,3,0.04,Africa
Chile,5177770,64222,0,5113548,2819,12,0,1.24,0.0,inf,5161209,16561,0.32,Americas
China,4903524,101053,0,4802471,0,1,0,2.06,0.0,inf,4903524,0,0.0,Western Pacific
Colombia,6358232,142329,0,6215903,0,0,0,2.24,0.0,inf,6357173,1059,0.02,Americas
Comoros,9001,161,0,8840,0,0,0,1.79,0.0,inf,8998,3,0.03,Africa
Congo (Brazzaville),25077,388,0,24689,0,0,0,1.55,0.0,inf,25077,0,0.0,Africa
Congo (Kinshasa),95749,1464,0,94285,0,0,0,1.53,0.0,inf,95646,103,0.11,Africa
Costa Rica,1204164,9230,0,1194934,0,0,0,0.77,0.0,inf,1199055,5109,0.43,Americas
Cote d'Ivoire,88240,834,0,87406,9,0,0,0.95,0.0,inf,88182,58,0.07,Africa
Croatia,1268992,17971,0,1251021,0,0,0,1.42,0.0,inf,1268666,326,0.03,Europe
Cuba,1112622,8530,0,1104092,9,0,0,0.77,0.0,inf,1112578,44,0.0,Americas
Curacao (NL),45986,301,0,45685,0,0,0,0.65,0.0,inf,45986,0,0.0,Americas
Cyprus,650685,1330,0,649355,0,0,0,0.2,0.0,inf,649093,1592,0.25,Europe
Czechia,4613882,42464,0,4571418,979,7,0,0.92,0.0,inf,4607883,5999,0.13,Europe
Denmark,3403707,8274,0,3395433,0,0,0,0.24,0.0,inf,3402975,732,0.02,Europe
Djibouti,15690,189,0,15501,0,0,0,1.2,0.0,inf,15690,0,0.0,Eastern Mediterranean
Dominica,15760,74,0,15686,0,0,0,0.47,0.0,inf,15760,0,0.0,Americas
Dominican Republic,660705,4384,0,656321,0,0,0,0.66,0.0,inf,660533,172,0.03,Americas
Ecuador,1057121,36014,0,1021107,0,0,0,3.41,0.0,inf,1056578,543,0.05,Americas
Egypt,515698,24809,0,490889,0,0,0,4.81,0.0,inf,515698,0,0.0,Eastern Mediterranean
El Salvador,201785,4230,0,197555,0,0,0,2.1,0.0,inf,201785,0,0.0,Americas
Equatorial Guinea,17229,183,0,17046,0,0,0,1.06,0.0,inf,17229,0,0.0,Africa
Eritrea,10189,103,0,10086,0,0,0,1.01,0.0,inf,10189,0,0.0,Africa
Estonia,615128,2940,0,612188,0,0,0,0.48,0.0,inf,614852,276,0.04,Europe
Eswatini,74199,1423,0,72776,0,0,0,1.92,0.0,inf,74199,0,0.0,Africa
Ethiopia,500039,7572,0,492467,8,0,0,1.51,0.0,inf,499959,80,0.02,Africa
Falkland Islands (Malvinas) (UK),1930,0,0,1930,0,0,0,0.0,0.0,0.0,1930,0,0.0,Africa
Faroe Islands (DK),34658,28,0,34630,0,0,0,0.08,0.0,inf,34658,0,0.0,Europe
Fiji,68897,883,0,68014,0,0,0,1.28,0.0,inf,68889,8,0.01,Western Pacific
Finland,1462976,8936,0,1454040,0,0,0,0.61,0.0,inf,1462169,807,0.06,Europe
France,38692314,161797,0,38530517,0,0,0,0.42,0.0,inf,38667122,25192,0.07,Europe
French Guiana,98041,413,0,97628,0,0,0,0.42,0.0,inf,98041,0,0.0,Americas
French Polynesia,77957,649,0,77308,0,0,0,0.83,0.0,inf,77957,0,0.0,Western Pacific
Gabon,48981,306,0,48675,0,0,0,0.62,0.0,inf,48981,0,0.0,Africa
Gambia,12586,372,0,12214,0,0,0,2.96,0.0,inf,12586,0,0.0,Africa
Georgia,1825598,16965,0,1808633,0,0,0,0.93,0.0,inf,1825598,0,0.0,Europe
Germany,38210850,168397,0,38042453,0,0,0,0.44,0.0,inf,38111063,99787,0.26,Europe
Ghana,171172,1462,0,169710,0,0,0,0.85,0.0,inf,171172,0,0.0,Africa
Gibraltar (UK),20433,111,0,20322,0,0,0,0.54,0.0,inf,20423,10,0.05,Europe
Greece,5548487,34779,0,5513708,0,0,0,0.63,0.0,inf,5548487,0,0.0,Europe
Greenland (DK),11971,21,0,11950,0,0,0,0.18,0.0,inf,11971,0,0.0,Europe
Grenada,19680,238,0,19442,0,0,0,1.21,0.0,inf,19680,0,0.0,Americas
Guadeloupe (FR),201852,1010,0,200842,0,0,0,0.5,0.0,inf,201852,0,0.0,Americas
Guatemala,1237550,20178,0,1217372,215,1,0,1.63,0.0,inf,1235918,1632,0.13,Americas
Guinea,38267,467,0,37800,0,0,0,1.22,0.0,inf,38267,0,0.0,Africa
Guinea-Bissau,8960,176,0,8784,0,0,0,1.96,0.0,inf,8953,7,0.08,Africa
Guyana,73075,1298,0,71777,0,0,0,1.78,0.0,inf,73066,9,0.01,Americas
Haiti,34202,860,0,33342,59,0,0,2.51,0.0,inf,34143,59,0.17,Americas
Holy See,29,0,0,29,0,0,0,0.0,0.0,0.0,29,0,0.0,Europe
Honduras,472219,11111,0,461108,0,0,0,2.35,0.0,inf,471557,662,0.14,Americas
Hungary,2195926,48751,0,2147175,0,0,0,2.22,0.0,inf,2194969,957,0.04,Europe
Iceland,209093,263,0,208830,0,0,0,0.13,0.0,inf,208999,94,0.04,Europe
India,44689046,530775,0,44158271,324,0,0,1.19,0.0,inf,44687243,1803,0.0,South-East Asia
Indonesia,6736994,160928,0,6576066,207,3,0,2.39,0.0,inf,6735451,1543,0.02,South-East Asia
Iran,7569769,144878,0,7424891,286,11,0,1.91,0.0,inf,7567619,2150,0.03,Eastern Mediterranean
Iraq,2465545,25375,0,2440170,0,0,0,1.03,0.0,inf,2465545,0,0.0,Eastern Mediterranean
Ireland,1703850,8691,0,1695159,0,0,0,0.51,0.0,inf,1703244,606,0.04,Europe
Israel,4801221,12303,0,4788918,317,0,0,0.26,0.0,inf,4797557,3664,0.08,Europe
Italy,25603510,188322,0,25415188,0,0,0,0.74,0.0,inf,25576852,26658,0.1,Europe
Jamaica,154196,3502,0,150694,0,0,0,2.27,0.0,inf,154065,131,0.09,Americas
Japan,33273639,72729,0,33200910,10431,81,0,0.22,0.0,inf,33194709,78930,0.24,Western Pacific
Jordan,1746997,14122,0,1732875,0,0,0,0.81,0.0,inf,1746997,0,0.0,Eastern Mediterranean
Kazakhstan,1498668,19069,0,1479599,0,0,0,1.27,0.0,inf,1497449,1219,0.08,Europe
Kenya,342919,5688,0,337231,0,0,0,1.66,0.0,inf,342900,19,0.01,Africa
Kiribati,5013,18,0,4995,0,0,0,0.36,0.0,inf,5013,0,0.0,Western Pacific
"Korea, North",1,6,0,-5,0,0,0,600.0,0.0,inf,1,0,0.0,
Kosovo,273202,3211,0,269991,26,0,0,1.18,0.0,inf,273002,200,0.07,Europe
Kuwait,663456,2570,0,660886,0,0,0,0.39,0.0,inf,663456,0,0.0,Eastern Mediterranean
Kyrgyzstan,206673,2991,0,203682,0,0,0,1.45,0.0,inf,206633,40,0.02,Europe
Laos,218020,758,0,217262,1,0,0,0.35,0.0,inf,218015,5,0.0,Western Pacific
Latvia,976095,6265,0,969830,0,0,0,0.64,0.0,inf,975928,167,0.02,Europe
Lebanon,1232301,10835,0,1221466,0,0,0,0.88,0.0,inf,1231577,724,0.06,Eastern Mediterranean
Lesotho,34790,723,0,34067,0,0,0,2.08,0.0,inf,34790,0,0.0,Africa
Liberia,8090,295,0,7795,0,0,0,3.65,0.0,inf,8065,25,0.31,Africa
Libya,507174,6437,0,500737,0,0,0,1.27,0.0,inf,507171,3,0.0,Eastern Mediterranean
Liechtenstein,21426,89,0,21337,0,0,0,0.42,0.0,inf,21395,31,0.14,Europe
Lithuania,1306273,9590,0,1296683,371,0,0,0.73,0.0,inf,1304023,2250,0.17,Europe
Luxembourg,316601,1219,0,315382,0,0,0,0.39,0.0,inf,315945,656,0.21,Europe
Madagascar,67865,1422,0,66443,0,0,0,2.1,0.0,inf,67852,13,0.02,Africa
Malawi,88702,2686,0,86016,0,0,0,3.03,0.0,inf,88681,21,0.02,Africa
Malaysia,5043626,36965,0,5006661,170,0,0,0.73,0.0,inf,5042188,1438,0.03,Western Pacific
Maldives,185732,311,0,185421,0,0,0,0.17,0.0,inf,185729,3,0.0,South-East Asia
Mali,33051,743,0,32308,0,0,0,2.25,0.0,inf,32997,54,0.16,Africa
Malta,117477,827,0,116650,0,0,0,0.7,0.0,inf,117338,139,0.12,Europe
Marshall Islands,15618,17,0,15601,0,0,0,0.11,0.0,inf,15598,20,0.13,Western Pacific
Martinique (FR),228875,1092,0,227783,0,0,0,0.48,0.0,inf,228875,0,0.0,Americas
Mauritania,63668,997,0,62671,0,0,0,1.57,0.0,inf,63667,1,0.0,Africa
Mauritius,295440,1044,0,294396,0,0,0,0.35,0.0,inf,295440,0,0.0,Africa
Mayotte (FR),42004,187,0,41817,0,0,0,0.45,0.0,inf,42004,0,0.0,Africa
Mexico,7470128,333096,0,7137032,10268,58,0,4.46,0.0,inf,7443151,26977,0.36,Americas
Micronesia,23948,61,0,23887,0,0,0,0.25,0.0,inf,23671,277,1.17,Western Pacific
Moldova,607450,11988,0,595462,0,0,0,1.97,0.0,inf,603750,3700,0.61,Europe
Monaco,16115,67,0,16048,0,0,0,0.42,0.0,inf,16108,7,0.04,Europe
Mongolia,1007897,2136,0,1005761,0,0,0,0.21,0.0,inf,1007896,1,0.0,Western Pacific
Montenegro,288552,2805,0,285747,62,0,0,0.97,0.0,inf,288088,464,0.16,Europe
Montserrat (UK),1403,8,0,1395,0,0,0,0.57,0.0,inf,1403,0,0.0,Americas
Morocco,1272486,16296,0,1256190,9,0,0,1.28,0.0,inf,1272442,44,0.0,Eastern Mediterranean
Mozambique,233098,2242,0,230856,0,0,0,0.96,0.0,inf,233098,0,0.0,Africa
Namibia,171156,4090,0,167066,0,0,0,2.39,0.0,inf,171121,35,0.02,Africa
Nauru,5247,1,0,5246,0,0,0,0.02,0.0,inf,5247,0,0.0,Western Pacific
Nepal,1001149,12020,0,989129,0,0,0,1.2,0.0,inf,1001140,9,0.0,South-East Asia
Netherlands,8598043,22990,0,8575053,0,0,0,0.27,0.0,inf,8594011,4032,0.05,Europe
New Zealand,2224672,2544,0,2222128,0,0,0,0.11,0.0,inf,2215578,9094,0.41,Western Pacific
Nicaragua,15638,245,0,15393,0,0,0,1.57,0.0,inf,15627,11,0.07,Americas
Niger,9508,315,0,9193,0,0,0,3.31,0.0,inf,9508,0,0.0,Africa
Nigeria,266598,3155,0,263443,0,0,0,1.18,0.0,inf,266463,135,0.05,Africa
North Macedonia,346852,9662,0,337190,0,0,0,2.79,0.0,inf,346852,0,0.0,Europe
Norway,1479235,5213,0,1474022,27,0,0,0.35,0.0,inf,1478888,347,0.02,Europe
Oman,399449,4628,0,394821,0,0,0,1.16,0.0,inf,399449,0,0.0,Eastern Mediterranean
Pakistan,1577072,30643,0,1546429,0,0,0,1.94,0.0,inf,1576795,277,0.02,Eastern Mediterranean
Palau,5989,9,0,5980,0,0,0,0.15,0.0,inf,5988,1,0.02,Western Pacific
Panama,1031273,8604,0,1022669,0,0,0,0.83,0.0,inf,1031014,259,0.03,Americas
Papua New Guinea,46809,670,0,46139,0,0,0,1.43,0.0,inf,46792,17,0.04,Western Pacific
Paraguay,808401,19878,0,788523,0,0,0,2.46,0.0,inf,808327,74,0.01,Americas
Peru,4486832,219493,0,4267339,167,8,0,4.89,0.0,inf,4485616,1216,0.03,Americas
Philippines,4076866,66143,0,4010723,162,10,0,1.62,0.0,inf,4076064,802,0.02,Western Pacific
Poland,6431888,118952,0,6312936,3105,11,0,1.85,0.0,inf,6414853,17035,0.27,Europe
Portugal,5568084,26180,0,5541904,0,0,0,0.47,0.0,inf,5566708,1376,0.02,Europe
Qatar,494377,686,0,493691,0,0,0,0.14,0.0,inf,493724,653,0.13,Eastern Mediterranean
Reunion (FR),494595,921,0,493674,0,0,0,0.19,0.0,inf,494595,0,0.0,Africa
Romania,3340342,67704,0,3272638,0,0,0,2.03,0.0,inf,3335131,5211,0.16,Europe
Russia,22016406,388278,0,21628128,13921,38,0,1.76,0.0,inf,21932062,84344,0.38,Europe
Rwanda,133180,1468,0,131712,0,0,0,1.1,0.0,inf,133170,10,0.01,Africa
Saint Kitts and Nevis,6597,47,0,6550,0,0,0,0.71,0.0,inf,6596,1,0.02,Americas
Saint Lucia,30004,409,0,29595,0,0,0,1.36,0.0,inf,29882,122,0.41,Americas
Saint Pierre and Miquelon (FR),3452,2,0,3450,0,0,0,0.06,0.0,inf,3452,0,0.0,Americas
Saint Vincent and the Grenadines,9589,123,0,9466,0,0,0,1.28,0.0,inf,9589,0,0.0,Americas
Samoa,16607,29,0,16578,0,0,0,0.17,0.0,inf,16607,0,0.0,Western Pacific
San Marino,23583,122,0,23461,0,0,0,0.52,0.0,inf,23536,47,0.2,Europe
Sao Tome and Principe,6281,77,0,6204,0,0,0,1.23,0.0,inf,6281,0,0.0,Africa
Saudi Arabia,829730,9617,0,820113,106,0,0,1.16,0.0,inf,829228,502,0.06,Eastern Mediterranean
Senegal,88921,1971,0,86950,0,0,0,2.22,0.0,inf,88917,4,0.0,Africa
Serbia,2495808,17847,0,2477961,623,3,0,0.72,0.0,inf,2490311,5497,0.22,Europe
Seychelles,50665,172,0,50493,0,0,0,0.34,0.0,inf,50665,0,0.0,Africa
Sierra Leone,7760,126,0,7634,0,0,0,1.62,0.0,inf,7760,0,0.0,Africa
Singapore,2230868,1722,0,2229146,0,0,0,0.08,0.0,inf,2222006,8862,0.4,Western Pacific
Sint Maarten (NL),11020,91,0,10929,0,0,0,0.83,0.0,inf,11016,4,0.04,Americas
Slovakia,2666342,21030,0,2645312,338,1,0,0.79,0.0,inf,2664862,1480,0.06,Europe
Slovenia,1329775,7074,0,1322701,389,1,0,0.53,0.0,inf,1327413,2362,0.18,Europe
Solomon Islands,24575,153,0,24422,0,0,0,0.62,0.0,inf,24575,0,0.0,Western Pacific
Somalia,27324,1361,0,25963,0,0,0,4.98,0.0,inf,27324,0,0.0,Eastern Mediterranean
South Africa,4064889,102595,0,3962294,0,0,0,2.52,0.0,inf,4061383,3506,0.09,Africa
South Korea,30555102,34020,0,30521082,0,0,0,0.11,0.0,inf,30489666,65436,0.21,Western Pacific
South Sudan,18368,138,0,18230,0,0,0,0.75,0.0,inf,18368,0,0.0,Africa
Spain,13770429,119479,0,13650950,0,0,0,0.87,0.0,inf,13763336,7093,0.05,Europe
Sri Lanka,672032,16830,0,655202,0,0,0,2.5,0.0,inf,672026,6,0.0,South-East Asia
Sudan,63809,5013,0,58796,0,0,0,7.86,0.0,inf,63787,22,0.03,Eastern Mediterranean
Summer Olympics 2020,865,0,0,865,0,0,0,0.0,0.0,0.0,865,0,0.0,
Suriname,82467,1404,0,81063,0,0,0,1.7,0.0,inf,82227,240,0.29,Americas
Sweden,2698535,23731,0,2674804,0,0,0,0.88,0.0,inf,2697827,708,0.03,Europe
Switzerland,4412439,14207,0,4398232,0,0,0,0.32,0.0,inf,4411059,1380,0.03,Europe
Syria,57467,3164,0,54303,0,0,0,5.51,0.0,inf,57463,4,0.01,Eastern Mediterranean
Taiwan*,9970937,17672,0,9953265,0,0,0,0.18,0.0,inf,9970937,0,0.0,Western Pacific
Tajikistan,17786,125,0,17661,0,0,0,0.7,0.0,inf,17786,0,0.0,Europe
Tanzania,42846,846,0,42000,0,0,0,1.97,0.0,inf,42823,23,0.05,Africa
Thailand,4728035,33911,0,4694124,0,0,0,0.72,0.0,inf,4727831,204,0.0,South-East Asia
Timor-Leste,23418,138,0,23280,0,0,0,0.59,0.0,inf,23418,0,0.0,South-East Asia
Togo,39390,290,0,39100,8,0,0,0.74,0.0,inf,39371,19,0.05,Africa
Tonga,16807,13,0,16794,0,0,0,0.08,0.0,inf,16801,6,0.04,Western Pacific
Trinidad and Tobago,189296,4347,0,184949,0,0,0,2.3,0.0,inf,188737,559,0.3,Americas
Tunisia,1150962,29331,0,1121631,0,0,0,2.55,0.0,inf,1150793,169,0.01,Eastern Mediterranean
Turkey,17042722,101492,0,16941230,0,0,0,0.6,0.0,inf,17042722,0,0.0,Europe
Turks and Caicos Islands (UK),6551,38,0,6513,0,0,0,0.58,0.0,inf,6551,0,0.0,Americas
Tuvalu,2805,0,0,2805,0,0,0,0.0,0.0,0.0,2805,0,0.0,Western Pacific
US,103645674,1122164,0,102523510,1932,7,0,1.08,0.0,inf,103379338,266336,0.26,Americas
Uganda,170504,3630,0,166874,0,0,0,2.13,0.0,inf,170478,26,0.02,Africa
Ukraine,5701602,119212,0,5582390,128,1,0,2.09,0.0,inf,5693596,8006,0.14,Europe
United Arab Emirates,1052519,2349,0,1050170,137,0,0,0.22,0.0,inf,1051732,787,0.07,Eastern Mediterranean
United Kingdom,24554676,219952,0,24334724,0,0,0,0.9,0.0,inf,24528219,26457,0.11,Europe
Uruguay,1034303,7617,0,1026686,0,0,0,0.74,0.0,inf,1034046,257,0.02,Americas
Uzbekistan,251071,1637,0,249434,0,0,0,0.65,0.0,inf,250932,139,0.06,Europe
Vanuatu,12014,14,0,12000,0,0,0,0.12,0.0,inf,12014,0,0.0,Western Pacific
Venezuela,552051,5854,0,546197,37,0,0,1.06,0.0,inf,551957,94,0.02,Americas
Vietnam,11526962,43186,0,11483776,12,0,0,0.37,0.0,inf,11526891,71,0.0,Western Pacific
West Bank and Gaza,703228,5708,0,697520,0,0,0,0.81,0.0,inf,703228,0,0.0,Eastern Mediterranean
Winter Olympics 2022,535,0,0,535,0,0,0,0.0,0.0,0.0,535,0,0.0,
Yemen,11945,2159,0,9786,0,0,0,18.07,0.0,inf,11945,0,0.0,Eastern Mediterranean
Zambia,343079,4057,0,339022,0,0,0,1.18,0.0,inf,342831,248,0.07,Africa
Zimbabwe,264127,5668,0,258459,0,0,0,2.15,0.0,inf,263921,206,0.08,Africa
