Country,Confirmed,Deaths,Recovered,Active,New cases,New deaths,New recovered,Deaths / 100 Cases,Recovered / 100 Cases,Deaths / 100 Recovered,Confirmed last week,1 week change,1 week % increase,WHO Region
Afghanistan,162111,7408,0,154703,821,3,0,4.57,0.0,inf,159649,2462,1.54,Eastern Mediterranean
Albania,255741,3334,0,252407,1615,5,0,1.3,0.0,inf,248070,7671,3.09,Europe
Algeria,250774,6566,0,244208,1464,11,0,2.62,0.0,inf,236670,14104,5.96,Africa
Andorra,35556,145,0,35411,0,0,0,0.41,0.0,inf,33025,2531,7.66,Europe
Angola,98076,1895,0,96181,19,1,0,1.93,0.0,inf,96582,1494,1.55,Africa
Anguilla (UK),2324,8,0,2316,0,0,0,0.34,0.0,inf,2187,137,6.26,Americas
Antigua and Barbuda,6558,127,0,6431,0,0,0,1.94,0.0,inf,5931,627,10.57,Americas
Argentina,8335184,120988,0,8214196,21570,152,0,1.45,0.0,inf,7862536,472648,6.01,Americas
Armenia,366433,8046,0,358387,2085,5,0,2.2,0.0,inf,351711,14722,4.19,Europe
Aruba (NL),32956,193,0,32763,56,0,0,0.59,0.0,inf,32322,634,1.96,Americas
Australia,2607242,3760,0,2603482,36719,42,0,0.14,0.0,inf,2229104,378138,16.96,Western Pacific
Austria,1828167,14091,0,1814076,27127,14,0,0.77,0.0,inf,1600041,228126,14.26,Europe
Azerbaijan,656284,8720,0,647564,4943,20,0,1.33,0.0,inf,633731,22553,3.56,Europe
Bahamas,32512,746,0,31766,26,1,0,2.29,0.0,inf,32068,444,1.38,Americas
Bahrain,368767,1407,0,367360,6745,3,0,0.38,0.0,inf,330621,38146,11.54,Eastern Mediterranean
Bangladesh,1785332,28363,0,1756969,12183,34,0,1.59,0.0,inf,1685136,100196,5.95,South-East Asia
Barbados,43993,279,0,43714,512,1,0,0.63,0.0,inf,39212,4781,12.19,Americas
Belarus,740988,6039,0,734949,2387,15,0,0.81,0.0,inf,726860,14128,1.94,Europe
Belgium,3055925,28957,0,3026968,0,0,0,0.95,0.0,inf,2697239,358686,13.3,Europe
Belize,50487,625,0,49862,0,0,0,1.24,0.0,inf,45753,4734,10.35,Americas
Benin,26450,163,0,26287,0,0,0,0.62,0.0,inf,26309,141,0.54,Africa
Bhutan,4685,4,0,4681,119,0,0,0.09,0.0,inf,3649,1036,28.39,South-East Asia
Bolivia,852280,20919,0,831361,5100,54,0,2.45,0.0,inf,804677,47603,5.92,Americas
Bosnia and Herzegovina,343986,14310,0,329676,0,0,0,4.16,0.0,inf,329569,14417,4.37,Europe
Botswana,250746,2580,0,248166,0,0,0,1.03,0.0,inf,243946,6800,2.79,Africa
Brazil,25360647,627150,0,24733497,104449,280,0,2.47,0.0,inf,24054405,1306242,5.43,Americas
British Virgin Islands (UK),5839,49,0,5790,0,0,0,0.84,0.0,inf,5602,237,4.23,Americas
Brunei,16345,98,0,16247,0,0,0,0.6,0.0,inf,16084,261,1.62,Western Pacific
Bulgaria,941814,33160,0,908654,2602,39,0,3.52,0.0,inf,880228,61586,7.0,Europe
Burkina Faso,20611,366,0,20245,0,0,0,1.78,0.0,inf,20514,97,0.47,Africa
Burma,535254,19310,0,515944,174,0,0,3.61,0.0,inf,534071,1183,0.22,South-East Asia
Burundi,37299,38,0,37261,0,0,0,0.1,0.0,inf,36868,431,1.17,Africa
Cabo Verde,55677,395,0,55282,19,0,0,0.71,0.0,inf,55306,371,0.67,Africa
Cambodia,121299,3015,0,118284,57,0,0,2.49,0.0,inf,121026,273,0.23,Western Pacific
Cameroon,114113,1867,0,112246,0,0,0,1.64,0.0,inf,114113,0,0.0,Africa
Canada,3033811,33721,0,3000090,8541,75,0,1.11,0.0,inf,2911248,122563,4.21,Americas
Cayman Islands (UK),13788,15,0,13773,0,0,0,0.11,0.0,inf,13734,54,0.39,Americas
Central African Republic,13898,110,0,13788,0,0,0,0.79,0.0,inf,13611,287,2.11,Africa
Chad,7075,190,0,6885,0,0,0,2.69,0.0,inf,6889,186,2.7,Africa
Chile,2137743,39684,0,2098059,30131,31,0,1.86,0.0,inf,1965393,172350,8.77,Americas
China,119831,4849,0,114982,124,0,0,4.05,0.0,inf,118773,1058,0.89,Western Pacific
Colombia,5871977,134079,0,5737898,16119,247,0,2.28,0.0,inf,5740179,131798,2.3,Americas
Comoros,7832,160,0,7672,3,0,0,2.04,0.0,inf,7812,20,0.26,Africa
Congo (Brazzaville),23653,371,0,23282,0,0,0,1.57,0.0,inf,23485,168,0.72,Africa
Congo (Kinshasa),84998,1278,0,83720,0,0,0,1.5,0.0,inf,84283,715,0.85,Africa
Costa Rica,682480,7533,0,674947,0,0,0,1.1,0.0,inf,643496,38984,6.06,Americas
Cote d'Ivoire,80695,785,0,79910,72,1,0,0.97,0.0,inf,80176,519,0.65,Africa
Croatia,935722,13777,0,921945,6220,46,0,1.47,0.0,inf,877060,58662,6.69,Europe
Cuba,1042671,8397,0,1034274,2829,7,0,0.81,0.0,inf,1022112,20559,2.01,Americas
Curacao (NL),37085,229,0,36856,118,1,0,0.62,0.0,inf,36013,1072,2.98,Americas
Cyprus,253350,731,0,252619,2225,1,0,0.29,0.0,inf,239073,14277,5.97,Europe
Czechia,2989436,37184,0,2952252,18329,16,0,1.24,0.0,inf,2750865,238571,8.67,Europe
Denmark,1713485,3738,0,1709747,36196,21,0,0.22,0.0,inf,1397833,315652,22.58,Europe
Djibouti,15451,189,0,15262,11,0,0,1.22,0.0,inf,15311,140,0.91,Eastern Mediterranean
Dominica,9032,51,0,8981,0,0,0,0.56,0.0,inf,8517,515,6.05,Americas
Dominican Republic,554052,4305,0,549747,1221,4,0,0.78,0.0,inf,539580,14472,2.68,Americas
Ecuador,691898,34362,0,657536,0,0,0,4.97,0.0,inf,658045,33853,5.14,Americas
Egypt,423688,22604,0,401084,2210,38,0,5.34,0.0,inf,410098,13590,3.31,Eastern Mediterranean
El Salvador,134155,3891,0,130264,893,7,0,2.9,0.0,inf,127012,7143,5.62,Americas
Equatorial Guinea,15802,182,0,15620,0,0,0,1.15,0.0,inf,15690,112,0.71,Africa
Eritrea,9525,98,0,9427,17,1,0,1.03,0.0,inf,9297,228,2.45,Africa
Estonia,332580,2036,0,330544,5951,11,0,0.61,0.0,inf,291426,41154,14.12,Europe
Eswatini,68342,1375,0,66967,13,1,0,2.01,0.0,inf,68081,261,0.38,Africa
Ethiopia,464930,7331,0,457599,176,4,0,1.58,0.0,inf,462107,2823,0.61,Africa
Falkland Islands (Malvinas) (UK),89,0,0,89,0,0,0,0.0,0.0,0.0,86,3,3.49,Africa
Faroe Islands (DK),19099,18,0,19081,486,0,0,0.09,0.0,inf,14340,4759,33.19,Europe
Fiji,62373,798,0,61575,0,0,0,1.28,0.0,inf,60931,1442,2.37,Western Pacific
Finland,475431,1942,0,473489,0,0,0,0.41,0.0,inf,449237,26194,5.83,Europe
France,18662401,128219,0,18534182,249448,127,0,0.69,0.0,inf,16371071,2291330,14.0,Europe
French Guiana,74686,363,0,74323,0,0,0,0.49,0.0,inf,72188,2498,3.46,Americas
French Polynesia,48044,636,0,47408,0,0,0,1.32,0.0,inf,47470,574,1.21,Western Pacific
Gabon,46722,301,0,46421,0,0,0,0.64,0.0,inf,45909,813,1.77,Africa
Gambia,11842,347,0,11495,0,0,0,2.93,0.0,inf,11572,270,2.33,Africa
Georgia,1162773,14945,0,1147828,17265,34,0,1.29,0.0,inf,1051445,111328,10.59,Europe
Germany,9846032,117790,0,9728242,71185,60,0,1.2,0.0,inf,8773030,1073002,12.23,Europe
Ghana,156805,1393,0,155412,115,2,0,0.89,0.0,inf,155496,1309,0.84,Africa
Gibraltar (UK),12848,100,0,12748,96,0,0,0.78,0.0,inf,11835,1013,8.56,Europe
Greece,1920992,23372,0,1897620,11112,97,0,1.22,0.0,inf,1793311,127681,7.12,Europe
Greenland (DK),10662,5,0,10657,35,0,0,0.05,0.0,inf,9485,1177,12.41,Europe
Grenada,12311,210,0,12101,0,0,0,1.71,0.0,inf,11344,967,8.52,Americas
Guadeloupe (FR),90749,844,0,89905,0,0,0,0.93,0.0,inf,73660,17089,23.2,Americas
Guatemala,689609,16379,0,673230,1283,6,0,2.38,0.0,inf,669830,19779,2.95,Americas
Guinea,36013,416,0,35597,0,0,0,1.16,0.0,inf,35857,156,0.44,Africa
Guinea-Bissau,7586,156,0,7430,10,2,0,2.06,0.0,inf,7284,302,4.15,Africa
Guyana,59803,1166,0,58637,353,1,0,1.95,0.0,inf,57227,2576,4.5,Americas
Haiti,28875,784,0,28091,0,0,0,2.72,0.0,inf,28471,404,1.42,Americas
Holy See,29,0,0,29,0,0,0,0.0,0.0,0.0,29,0,0.0,Europe
Honduras,391874,10512,0,381362,0,0,0,2.68,0.0,inf,387515,4359,1.12,Americas
Hungary,1508358,41229,0,1467129,0,0,0,2.73,0.0,inf,1401457,106901,7.63,Europe
Iceland,64486,46,0,64440,0,0,0,0.07,0.0,inf,54579,9907,18.15,Europe
India,41302440,495050,0,40807390,209918,959,0,1.2,0.0,inf,39543328,1759112,4.45,South-East Asia
Indonesia,4343185,144303,0,4198882,12422,18,0,3.32,0.0,inf,4286378,56807,1.33,South-East Asia
Iran,6344179,132424,0,6211755,21996,44,0,2.09,0.0,inf,6250490,93689,1.5,Eastern Mediterranean
Iraq,2203365,24376,0,2178989,5582,15,0,1.11,0.0,inf,2154237,49128,2.28,Eastern Mediterranean
Ireland,1169645,6136,0,1163509,0,0,0,0.52,0.0,inf,1145968,23677,2.07,Europe
Israel,2830154,8725,0,2821429,71130,67,0,0.31,0.0,inf,2212589,617565,27.91,Europe
Italy,10925485,146149,0,10779336,104110,235,0,1.34,0.0,inf,9923678,1001807,10.1,Europe
Jamaica,124102,2650,0,121452,1055,15,0,2.14,0.0,inf,119565,4537,3.79,Americas
Japan,2677602,18764,0,2658838,78003,30,0,0.7,0.0,inf,2175719,501883,23.07,Western Pacific
Jordan,1209083,13193,0,1195890,11833,19,0,1.09,0.0,inf,1141048,68035,5.96,Eastern Mediterranean
Kazakhstan,1319814,18454,0,1301360,7506,0,0,1.4,0.0,inf,1243220,76594,6.16,Europe
Kenya,321335,5580,0,315755,101,2,0,1.74,0.0,inf,320229,1106,0.35,Africa
Kiribati,364,0,0,364,98,0,0,0.0,0.0,0.0,39,325,833.33,Western Pacific
Kosovo,204345,3012,0,201333,2390,0,0,1.47,0.0,inf,181446,22899,12.62,Europe
Kuwait,539654,2496,0,537158,5592,2,0,0.46,0.0,inf,497454,42200,8.48,Eastern Mediterranean
Kyrgyzstan,198111,2876,0,195235,674,9,0,1.45,0.0,inf,195394,2717,1.39,Europe
Laos,133524,544,0,132980,306,6,0,0.41,0.0,inf,129953,3571,2.75,Western Pacific
Latvia,388989,4868,0,384121,6860,6,0,1.25,0.0,inf,335541,53448,15.93,Europe
Lebanon,914929,9590,0,905339,7105,14,0,1.05,0.0,inf,865229,49700,5.74,Eastern Mediterranean
Lesotho,32176,693,0,31483,0,0,0,2.15,0.0,inf,32049,127,0.4,Africa
Liberia,7254,290,0,6964,0,0,0,4.0,0.0,inf,7208,46,0.64,Africa
Libya,425237,6007,0,419230,5694,14,0,1.41,0.0,inf,405425,19812,4.89,Eastern Mediterranean
Liechtenstein,8854,73,0,8781,79,0,0,0.82,0.0,inf,7838,1016,12.96,Europe
Lithuania,673518,7860,0,665658,9708,15,0,1.17,0.0,inf,608558,64960,10.67,Europe
Luxembourg,153435,948,0,152487,0,0,0,0.62,0.0,inf,137570,15865,11.53,Europe
Madagascar,59319,1274,0,58045,0,0,0,2.15,0.0,inf,57375,1944,3.39,Africa
Malawi,84420,2558,0,81862,31,1,0,3.03,0.0,inf,83823,597,0.71,Africa
Malaysia,2865984,31965,0,2834019,4915,8,0,1.12,0.0,inf,2832945,33039,1.17,Western Pacific
Maldives,136126,275,0,135851,2838,1,0,0.2,0.0,inf,117461,18665,15.89,South-East Asia
Mali,30045,711,0,29334,37,0,0,2.37,0.0,inf,29677,368,1.24,Africa
Malta,67548,547,0,67001,191,2,0,0.81,0.0,inf,65869,1679,2.55,Europe
Marshall Islands,7,0,0,7,0,0,0,0.0,0.0,0.0,7,0,0.0,Western Pacific
Martinique (FR),84471,827,0,83644,0,0,0,0.98,0.0,inf,73355,11116,15.15,Americas
Mauritania,58198,953,0,57245,69,4,0,1.64,0.0,inf,57384,814,1.42,Africa
Mauritius,70734,786,0,69948,0,0,0,1.11,0.0,inf,70218,516,0.73,Africa
Mayotte (FR),36282,187,0,36095,0,0,0,0.52,0.0,inf,35691,591,1.66,Africa
Mexico,4916143,305762,0,4610381,0,0,0,6.22,0.0,inf,4667829,248314,5.32,Americas
Micronesia,1,0,0,1,0,0,0,0.0,0.0,0.0,1,0,0.0,Western Pacific
Moldova,438249,10635,0,427614,0,0,0,2.43,0.0,inf,409397,28852,7.05,Europe
Monaco,8183,46,0,8137,0,0,0,0.56,0.0,inf,7583,600,7.91,Europe
Mongolia,443392,2109,0,441283,1206,2,0,0.48,0.0,inf,428350,15042,3.51,Western Pacific
Montenegro,219303,2555,0,216748,666,3,0,1.17,0.0,inf,213140,6163,2.89,Europe
Montserrat (UK),163,1,0,162,0,0,0,0.61,0.0,inf,155,8,5.16,Americas
Morocco,1131395,15362,0,1116033,2255,34,0,1.36,0.0,inf,1098413,32982,3.0,Eastern Mediterranean
Mozambique,223811,2170,0,221641,73,3,0,0.97,0.0,inf,222596,1215,0.55,Africa
Namibia,155840,3967,0,151873,57,4,0,2.55,0.0,inf,155255,585,0.38,Africa
Nepal,950441,11735,0,938706,3049,32,0,1.23,0.0,inf,910394,40047,4.4,South-East Asia
Netherlands,4320257,21272,0,4298985,75164,2,0,0.49,0.0,inf,3889669,430588,11.07,Europe
New Zealand,16418,53,0,16365,130,1,0,0.32,0.0,inf,15627,791,5.06,Western Pacific
Nicaragua,17650,220,0,17430,0,0,0,1.25,0.0,inf,17604,46,0.26,Americas
Niger,8649,298,0,8351,1,0,0,3.45,0.0,inf,8542,107,1.25,Africa
Nigeria,253023,3135,0,249888,22,0,0,1.24,0.0,inf,252187,836,0.33,Africa
North Macedonia,268191,8383,0,259808,1254,21,0,3.13,0.0,inf,256281,11910,4.65,Europe
Norway,765061,1439,0,763622,14040,0,0,0.19,0.0,inf,622596,142465,22.88,Europe
Oman,336460,4134,0,332326,5693,0,0,1.23,0.0,inf,322438,14022,4.35,Eastern Mediterranean
Pakistan,1425039,29269,0,1395770,7048,21,0,2.05,0.0,inf,1374800,50239,3.65,Eastern Mediterranean
Palau,1478,0,0,1478,74,0,0,0.0,0.0,0.0,502,976,194.42,Western Pacific
Panama,697124,7716,0,689408,4490,18,0,1.11,0.0,inf,644683,52441,8.13,Americas
Papua New Guinea,36866,597,0,36269,0,0,0,1.62,0.0,inf,36446,420,1.15,Western Pacific
Paraguay,570469,17231,0,553238,0,0,0,3.02,0.0,inf,516555,53914,10.44,Americas
Peru,3224406,205505,0,3018901,63674,393,0,6.37,0.0,inf,2946151,278255,9.44,Americas
Philippines,3545680,53891,0,3491789,16884,20,0,1.52,0.0,inf,3417216,128464,3.76,Western Pacific
Poland,4852677,105161,0,4747516,48287,23,0,2.17,0.0,inf,4518218,334459,7.4,Europe
Portugal,2611886,19856,0,2592030,45335,29,0,0.76,0.0,inf,2221825,390061,17.56,Europe
Qatar,337638,645,0,336993,1557,0,0,0.19,0.0,inf,323345,14293,4.42,Eastern Mediterranean
Reunion (FR),180531,500,0,180031,0,0,0,0.28,0.0,inf,133617,46914,35.11,Africa
Romania,2196394,59984,0,2136410,19668,52,0,2.73,0.0,inf,2017129,179265,8.89,Europe
Russia,11547333,324060,0,11223273,120324,608,0,2.81,0.0,inf,10923494,623839,5.71,Europe
Rwanda,128841,1438,0,127403,39,0,0,1.12,0.0,inf,128009,832,0.65,Africa
Saint Kitts and Nevis,5422,33,0,5389,3,0,0,0.61,0.0,inf,5254,168,3.2,Americas
Saint Lucia,20909,326,0,20583,111,0,0,1.56,0.0,inf,19680,1229,6.24,Americas
Saint Pierre and Miquelon (FR),875,0,0,875,19,0,0,0.0,0.0,0.0,681,194,28.49,Americas
Saint Vincent and the Grenadines,9447,93,0,9354,0,0,0,0.98,0.0,inf,6615,2832,42.81,Americas
Samoa,30,0,0,30,0,0,0,0.0,0.0,0.0,18,12,66.67,Western Pacific
San Marino,12462,109,0,12353,0,0,0,0.87,0.0,inf,11466,996,8.69,Europe
Sao Tome and Principe,5885,69,0,5816,2,0,0,1.17,0.0,inf,5832,53,0.91,Africa
Saudi Arabia,683053,8936,0,674117,3669,3,0,1.31,0.0,inf,652354,30699,4.71,Eastern Mediterranean
Senegal,84936,1944,0,82992,80,3,0,2.29,0.0,inf,84295,641,0.76,Africa
Serbia,1662446,13570,0,1648876,13153,57,0,0.82,0.0,inf,1544900,117546,7.61,Europe
Seychelles,36559,149,0,36410,0,0,0,0.41,0.0,inf,34367,2192,6.38,Africa
Sierra Leone,7622,125,0,7497,7,0,0,1.64,0.0,inf,7590,32,0.42,Africa
Singapore,348330,854,0,347476,4498,0,0,0.25,0.0,inf,313772,34558,11.01,Western Pacific
Sint Maarten (NL),9285,79,0,9206,0,0,0,0.85,0.0,inf,9076,209,2.3,Americas
Slovakia,1562107,17817,0,1544290,15200,21,0,1.14,0.0,inf,1462998,99109,6.77,Europe
Slovenia,702201,5857,0,696344,13865,11,0,0.83,0.0,inf,603341,98860,16.39,Europe
Solomon Islands,898,5,0,893,0,0,0,0.56,0.0,inf,289,609,210.73,Western Pacific
Somalia,25388,1335,0,24053,0,0,0,5.26,0.0,inf,24322,1066,4.38,Eastern Mediterranean
South Africa,3603856,95022,0,3508834,2226,117,0,2.64,0.0,inf,3581359,22497,0.63,Africa
South Korea,845709,6755,0,838954,17072,23,0,0.8,0.0,inf,741413,104296,14.07,Western Pacific
South Sudan,16779,137,0,16642,0,0,0,0.82,0.0,inf,16673,106,0.64,Africa
Spain,9779130,92966,0,9686164,0,0,0,0.95,0.0,inf,8975458,803672,8.95,Europe
Sri Lanka,610103,15420,0,594683,1056,20,0,2.53,0.0,inf,601886,8217,1.37,South-East Asia
Sudan,57106,3422,0,53684,0,0,0,5.99,0.0,inf,53959,3147,5.83,Eastern Mediterranean
Summer Olympics 2020,865,0,0,865,0,0,0,0.0,0.0,0.0,865,0,0.0,
Suriname,73162,1260,0,71902,0,0,0,1.72,0.0,inf,70074,3088,4.41,Americas
Sweden,2070456,15855,0,2054601,0,0,0,0.77,0.0,inf,1784005,286451,16.06,Europe
Switzerland,2131077,12684,0,2118393,0,4,0,0.6,0.0,inf,1879319,251758,13.4,Europe
Syria,51341,2986,0,48355,57,2,0,5.82,0.0,inf,50985,356,0.7,Eastern Mediterranean
Taiwan*,18735,851,0,17884,54,0,0,4.54,0.0,inf,18325,410,2.24,Western Pacific
Tajikistan,17663,125,0,17538,0,0,0,0.71,0.0,inf,17493,170,0.97,Europe
Tanzania,32920,778,0,32142,0,0,0,2.36,0.0,inf,32393,527,1.63,Africa
Thailand,2440542,22173,0,2418369,16452,28,0,0.91,0.0,inf,2384639,55903,2.34,South-East Asia
Timor-Leste,19908,122,0,19786,0,0,0,0.61,0.0,inf,19868,40,0.2,South-East Asia
Togo,36491,268,0,36223,22,1,0,0.73,0.0,inf,36313,178,0.49,Africa
Tonga,1,0,0,1,0,0,0,0.0,0.0,0.0,1,0,0.0,Western Pacific
Trinidad and Tobago,111190,3395,0,107795,449,14,0,3.05,0.0,inf,106417,4773,4.49,Americas
Tunisia,901107,26229,0,874878,0,0,0,2.91,0.0,inf,846761,54346,6.42,Eastern Mediterranean
Turkey,11526621,87234,0,11439387,88145,189,0,0.76,0.0,inf,10947129,579492,5.29,Europe
Turks and Caicos Islands (UK),5727,34,0,5693,0,0,0,0.59,0.0,inf,5524,203,3.67,Americas
US,74332396,884260,0,73448136,96282,321,0,1.19,0.0,inf,70881714,3450682,4.87,Americas
Uganda,161693,3527,0,158166,190,4,0,2.18,0.0,inf,160352,1341,0.84,Africa
Ukraine,4232143,106793,0,4125350,25412,103,0,2.52,0.0,inf,4042152,189991,4.7,Europe
United Arab Emirates,843030,2240,0,840790,2291,1,0,0.27,0.0,inf,825699,17331,2.1,Eastern Mediterranean
United Kingdom,16541481,156015,0,16385466,62399,85,0,0.94,0.0,inf,15927711,613770,3.85,Europe
Uruguay,661441,6459,0,654982,7588,23,0,0.98,0.0,inf,588995,72446,12.3,Americas
Uzbekistan,221919,1561,0,220358,1104,3,0,0.7,0.0,inf,213767,8152,3.81,Europe
Vanuatu,7,1,0,6,0,0,0,14.29,0.0,inf,7,0,0.0,Western Pacific
Venezuela,484021,5440,0,478581,2646,4,0,1.12,0.0,inf,469566,14455,3.08,Americas
Vietnam,2263053,37668,0,2225385,29766,121,0,1.66,0.0,inf,2141422,121631,5.68,Western Pacific
West Bank and Gaza,504992,5076,0,499916,0,0,0,1.01,0.0,inf,480583,24409,5.08,Eastern Mediterranean
Yemen,10942,2011,0,8931,0,4,0,18.38,0.0,inf,10585,357,3.37,Eastern Mediterranean
Zambia,304922,3915,0,301007,266,1,0,1.28,0.0,inf,301630,3292,1.09,Africa
Zimbabwe,229460,5337,0,224123,45,4,0,2.33,0.0,inf,228254,1206,0.53,Africa
