Country,Confirmed,Deaths,Recovered,Active,New cases,New deaths,New recovered,Deaths / 100 Cases,Recovered / 100 Cases,Deaths / 100 Recovered,Confirmed last week,1 week change,1 week % increase,WHO Region
Afghanistan,178899,7683,0,171216,20,0,0,4.29,0.0,inf,178689,210,0.12,Eastern Mediterranean
Albania,275167,3496,0,271671,60,0,0,1.27,0.0,inf,274828,339,0.12,Europe
Algeria,265782,6875,0,258907,2,0,0,2.59,0.0,inf,265767,15,0.01,Africa
Andorra,41349,153,0,41196,0,0,0,0.37,0.0,inf,41013,336,0.82,Europe
Angola,99287,1900,0,97387,0,0,0,1.91,0.0,inf,99287,0,0.0,Africa
Anguilla (UK),2788,9,0,2779,0,0,0,0.32,0.0,inf,2731,57,2.09,Americas
Antarctica,11,0,0,11,0,0,0,0.0,0.0,0.0,11,0,0.0,
Antigua and Barbuda,7626,136,0,7490,0,0,0,1.78,0.0,inf,7571,55,0.73,Americas
Argentina,9083673,128653,0,8955020,11443,111,0,1.42,0.0,inf,9060923,22750,0.25,Americas
Armenia,422871,8622,0,414249,4,0,0,2.04,0.0,inf,422825,46,0.01,Europe
Aruba (NL),34846,212,0,34634,0,0,0,0.61,0.0,inf,34589,257,0.74,Americas
Australia,5992359,7244,0,5985115,39217,-6,0,0.12,0.0,inf,5719311,273048,4.77,Western Pacific
Austria,4144906,18161,0,4126745,4363,5,0,0.44,0.0,inf,4104859,40047,0.98,Europe
Azerbaijan,792578,9709,0,782869,16,0,0,1.22,0.0,inf,792496,82,0.01,Europe
Bahamas,33578,798,0,32780,20,0,0,2.38,0.0,inf,33483,95,0.28,Americas
Bahrain,569091,1476,0,567615,385,1,0,0.26,0.0,inf,566272,2819,0.5,Eastern Mediterranean
Bangladesh,1952716,29127,0,1923589,25,0,0,1.49,0.0,inf,1952556,160,0.01,South-East Asia
Barbados,70449,395,0,70054,369,1,0,0.56,0.0,inf,67611,2838,4.2,Americas
Belarus,980345,6947,0,973398,0,0,0,0.71,0.0,inf,977813,2532,0.26,Europe
Belgium,4056448,31439,0,4025009,0,0,0,0.78,0.0,inf,4015791,40657,1.01,Europe
Belize,57497,676,0,56821,0,0,0,1.18,0.0,inf,57419,78,0.14,Americas
Benin,86394,163,0,86231,0,0,0,0.19,0.0,inf,26952,59442,220.55,Africa
Bhutan,59219,21,0,59198,56,0,0,0.04,0.0,inf,57771,1448,2.51,South-East Asia
Bolivia,905074,21923,0,883151,100,13,0,2.42,0.0,inf,904446,628,0.07,Americas
Bosnia and Herzegovina,377087,15765,0,361322,0,0,0,4.18,0.0,inf,376699,388,0.1,Europe
Botswana,305984,2688,0,303296,0,0,0,0.88,0.0,inf,305859,125,0.04,Africa
Brazil,30454499,663752,0,29790747,6263,16,0,2.18,0.0,inf,30349463,105036,0.35,Americas
British Virgin Islands (UK),6355,62,0,6293,0,0,0,0.98,0.0,inf,6296,59,0.94,Americas
Brunei,141911,218,0,141693,61,0,0,0.15,0.0,inf,141119,792,0.56,Western Pacific
Bulgaria,1156971,36918,0,1120053,242,5,0,3.19,0.0,inf,1153129,3842,0.33,Europe
Burkina Faso,20865,383,0,20482,0,0,0,1.84,0.0,inf,20865,0,0.0,Africa
Burma,612900,19434,0,593466,17,0,0,3.17,0.0,inf,612749,151,0.02,South-East Asia
Burundi,39998,38,0,39960,0,0,0,0.1,0.0,inf,38887,1111,2.86,Africa
Cabo Verde,56025,401,0,55624,3,0,0,0.72,0.0,inf,56004,21,0.04,Africa
Cambodia,136252,3056,0,133196,1,0,0,2.24,0.0,inf,136216,36,0.03,Western Pacific
Cameroon,119780,1927,0,117853,0,0,0,1.61,0.0,inf,119780,0,0.0,Africa
Canada,3768316,39333,0,3728983,2619,22,0,1.04,0.0,inf,3716957,51359,1.38,Americas
Cayman Islands (UK),22223,27,0,22196,0,0,0,0.12,0.0,inf,21755,468,2.15,Americas
Central African Republic,14649,113,0,14536,0,0,0,0.77,0.0,inf,14649,0,0.0,Africa
Chad,7411,193,0,7218,0,0,0,2.6,0.0,inf,7396,15,0.2,Africa
Chile,3561016,57539,0,3503477,2385,12,0,1.62,0.0,inf,3546493,14523,0.41,Americas
China,2207511,14405,0,2193106,50807,37,0,0.65,0.0,inf,2010186,197325,9.82,Western Pacific
Colombia,6092667,139797,0,5952870,0,0,0,2.29,0.0,inf,6091343,1324,0.02,Americas
Comoros,8105,160,0,7945,0,0,0,1.97,0.0,inf,8104,1,0.01,Africa
Congo (Brazzaville),24079,385,0,23694,0,0,0,1.6,0.0,inf,24079,0,0.0,Africa
Congo (Kinshasa),87023,1337,0,85686,0,0,0,1.54,0.0,inf,87023,0,0.0,Africa
Costa Rica,852074,8405,0,843669,0,0,0,0.99,0.0,inf,847784,4290,0.51,Americas
Cote d'Ivoire,81957,799,0,81158,27,0,0,0.97,0.0,inf,81887,70,0.09,Africa
Croatia,1122982,15835,0,1107147,523,7,0,1.41,0.0,inf,1117735,5247,0.47,Europe
Cuba,1103131,8527,0,1094604,190,1,0,0.77,0.0,inf,1101731,1400,0.13,Americas
Curacao (NL),42241,274,0,41967,0,0,0,0.65,0.0,inf,41966,275,0.66,Americas
Cyprus,480220,1020,0,479200,0,0,0,0.21,0.0,inf,470481,9739,2.07,Europe
Czechia,3906098,40164,0,3865934,997,9,0,1.03,0.0,inf,3896144,9954,0.26,Europe
Denmark,3117326,6170,0,3111156,671,12,0,0.2,0.0,inf,3110019,7307,0.23,Europe
Djibouti,15631,189,0,15442,20,0,0,1.21,0.0,inf,15611,20,0.13,Eastern Mediterranean
Dominica,12161,63,0,12098,128,0,0,0.52,0.0,inf,12011,150,1.25,Americas
Dominican Republic,579443,4376,0,575067,195,0,0,0.76,0.0,inf,579114,329,0.06,Americas
Ecuador,869696,35598,0,834098,0,0,0,4.09,0.0,inf,868053,1643,0.19,Americas
Egypt,515645,24613,0,491032,0,0,0,4.77,0.0,inf,515645,0,0.0,Eastern Mediterranean
El Salvador,162089,4128,0,157961,0,0,0,2.55,0.0,inf,162089,0,0.0,Americas
Equatorial Guinea,15907,183,0,15724,0,0,0,1.15,0.0,inf,15907,0,0.0,Africa
Eritrea,9734,103,0,9631,0,0,0,1.06,0.0,inf,9734,0,0.0,Africa
Estonia,572193,2539,0,569654,0,0,0,0.44,0.0,inf,570257,1936,0.34,Europe
Eswatini,70657,1397,0,69260,14,0,0,1.98,0.0,inf,70294,363,0.52,Africa
Ethiopia,470581,7510,0,463071,13,0,0,1.6,0.0,inf,470434,147,0.03,Africa
Falkland Islands (Malvinas) (UK),177,0,0,177,0,0,0,0.0,0.0,0.0,152,25,16.45,Africa
Faroe Islands (DK),34658,28,0,34630,0,0,0,0.08,0.0,inf,34658,0,0.0,Europe
Fiji,64634,862,0,63772,0,0,0,1.33,0.0,inf,64524,110,0.17,Western Pacific
Finland,1023013,3939,0,1019074,0,0,0,0.39,0.0,inf,1000472,22541,2.25,Europe
France,27992215,143159,0,27849056,36726,32,0,0.51,0.0,inf,27632047,360168,1.3,Europe
French Guiana,80859,395,0,80464,0,0,0,0.49,0.0,inf,80422,437,0.54,Americas
French Polynesia,72720,648,0,72072,0,0,0,0.89,0.0,inf,72648,72,0.1,Western Pacific
Gabon,47602,304,0,47298,0,0,0,0.64,0.0,inf,47597,5,0.01,Africa
Gambia,11995,365,0,11630,0,0,0,3.04,0.0,inf,11995,0,0.0,Africa
Georgia,1655170,16810,0,1638360,72,3,0,1.02,0.0,inf,1654255,915,0.06,Europe
Germany,24813817,135461,0,24678356,4032,0,0,0.55,0.0,inf,24200596,613221,2.53,Europe
Ghana,161204,1445,0,159759,31,0,0,0.9,0.0,inf,161124,80,0.05,Africa
Gibraltar (UK),17837,102,0,17735,0,0,0,0.57,0.0,inf,17706,131,0.74,Europe
Greece,3328623,29175,0,3299448,4701,22,0,0.88,0.0,inf,3277557,51066,1.56,Europe
Greenland (DK),11971,21,0,11950,0,0,0,0.18,0.0,inf,11971,0,0.0,Europe
Grenada,14743,220,0,14523,114,0,0,1.49,0.0,inf,14428,315,2.18,Americas
Guadeloupe (FR),147607,942,0,146665,0,0,0,0.64,0.0,inf,145228,2379,1.64,Americas
Guatemala,846611,17600,0,829011,65,16,0,2.08,0.0,inf,842572,4039,0.48,Americas
Guinea,36549,442,0,36107,0,0,0,1.21,0.0,inf,36540,9,0.02,Africa
Guinea-Bissau,8202,171,0,8031,0,0,0,2.08,0.0,inf,8185,17,0.21,Africa
Guyana,63482,1228,0,62254,9,0,0,1.93,0.0,inf,63416,66,0.1,Americas
Haiti,30690,835,0,29855,0,0,0,2.72,0.0,inf,30640,50,0.16,Americas
Holy See,29,0,0,29,0,0,0,0.0,0.0,0.0,29,0,0.0,Europe
Honduras,426179,10893,0,415286,0,0,0,2.56,0.0,inf,422275,3904,0.92,Americas
Hungary,1901017,46201,0,1854816,0,0,0,2.43,0.0,inf,1890953,10064,0.53,Europe
Iceland,185579,119,0,185460,0,0,0,0.06,0.0,inf,185074,505,0.27,Europe
India,43082345,523869,0,42558476,3157,26,0,1.22,0.0,inf,43060086,22259,0.05,South-East Asia
Indonesia,6047040,156273,0,5890767,244,16,0,2.58,0.0,inf,6044150,2890,0.05,South-East Asia
Iran,7222308,141096,0,7081212,655,13,0,1.95,0.0,inf,7216040,6268,0.09,Eastern Mediterranean
Iraq,2325175,25211,0,2299964,83,0,0,1.08,0.0,inf,2324223,952,0.04,Eastern Mediterranean
Ireland,1517112,7087,0,1510025,0,0,0,0.47,0.0,inf,1509536,7576,0.5,Europe
Israel,4077856,10698,0,4067158,1752,3,0,0.26,0.0,inf,4057765,20091,0.5,Europe
Italy,16504791,163612,0,16341179,41591,105,0,0.99,0.0,inf,16136057,368734,2.29,Europe
Jamaica,129978,2962,0,127016,0,0,0,2.28,0.0,inf,129489,489,0.38,Americas
Japan,7898133,29601,0,7868532,26880,34,0,0.37,0.0,inf,7656600,241533,3.15,Western Pacific
Jordan,1695745,14064,0,1681681,0,0,0,0.83,0.0,inf,1695432,313,0.02,Eastern Mediterranean
Kazakhstan,1394523,19013,0,1375510,30,0,0,1.36,0.0,inf,1394359,164,0.01,Europe
Kenya,323786,5649,0,318137,13,0,0,1.74,0.0,inf,323709,77,0.02,Africa
Kiribati,3084,13,0,3071,3,0,0,0.42,0.0,inf,3076,8,0.26,Western Pacific
Kosovo,228083,3138,0,224945,10,0,0,1.38,0.0,inf,227976,107,0.05,Europe
Kuwait,631409,2555,0,628854,0,0,0,0.4,0.0,inf,631294,115,0.02,Eastern Mediterranean
Kyrgyzstan,200993,2991,0,198002,1,0,0,1.49,0.0,inf,200983,10,0.0,Europe
Laos,207469,744,0,206725,0,0,0,0.36,0.0,inf,205975,1494,0.73,Western Pacific
Latvia,822013,5760,0,816253,0,0,0,0.7,0.0,inf,817316,4697,0.57,Europe
Lebanon,1097044,10387,0,1086657,89,1,0,0.95,0.0,inf,1096406,638,0.06,Eastern Mediterranean
Lesotho,33015,697,0,32318,0,0,0,2.11,0.0,inf,32968,47,0.14,Africa
Liberia,7434,294,0,7140,0,0,0,3.95,0.0,inf,7432,2,0.03,Africa
Libya,501904,6430,0,495474,0,0,0,1.28,0.0,inf,501862,42,0.01,Eastern Mediterranean
Liechtenstein,17185,84,0,17101,0,0,0,0.49,0.0,inf,17103,82,0.48,Europe
Lithuania,1058431,9098,0,1049333,236,4,0,0.86,0.0,inf,1054618,3813,0.36,Europe
Luxembourg,237856,1064,0,236792,0,0,0,0.45,0.0,inf,233966,3890,1.66,Europe
Madagascar,64152,1391,0,62761,0,0,0,2.17,0.0,inf,64152,0,0.0,Africa
Malawi,85781,2634,0,83147,0,0,0,3.07,0.0,inf,85747,34,0.04,Africa
Malaysia,4449507,35550,0,4413957,1503,3,0,0.8,0.0,inf,4431073,18434,0.42,Western Pacific
Maldives,179171,298,0,178873,0,0,0,0.17,0.0,inf,178883,288,0.16,South-East Asia
Mali,30843,732,0,30111,10,0,0,2.37,0.0,inf,30740,103,0.34,Africa
Malta,91861,698,0,91163,120,0,0,0.76,0.0,inf,90595,1266,1.4,Europe
Marshall Islands,17,0,0,17,0,0,0,0.0,0.0,0.0,15,2,13.33,Western Pacific
Martinique (FR),151972,918,0,151054,0,0,0,0.6,0.0,inf,149735,2237,1.49,Americas
Mauritania,58688,982,0,57706,0,0,0,1.67,0.0,inf,58683,5,0.01,Africa
Mauritius,220344,990,0,219354,0,0,0,0.45,0.0,inf,220344,0,0.0,Africa
Mayotte (FR),37363,187,0,37176,0,0,0,0.5,0.0,inf,37038,325,0.88,Africa
Mexico,5739680,324334,0,5415346,0,0,0,5.65,0.0,inf,5733785,5895,0.1,Americas
Micronesia,5,0,0,5,0,0,0,0.0,0.0,0.0,1,4,400.0,Western Pacific
Moldova,516986,11489,0,505497,0,0,0,2.22,0.0,inf,516986,0,0.0,Europe
Monaco,11770,57,0,11713,0,0,0,0.48,0.0,inf,11604,166,1.43,Europe
Mongolia,920671,2179,0,918492,0,0,0,0.24,0.0,inf,920361,310,0.03,Western Pacific
Montenegro,235292,2715,0,232577,64,1,0,1.15,0.0,inf,234707,585,0.25,Europe
Montserrat (UK),273,2,0,271,32,0,0,0.73,0.0,inf,183,90,49.18,Americas
Morocco,1164973,16069,0,1148904,20,0,0,1.38,0.0,inf,1164700,273,0.02,Eastern Mediterranean
Mozambique,225386,2201,0,223185,2,0,0,0.98,0.0,inf,225365,21,0.01,Africa
Namibia,158811,4025,0,154786,162,0,0,2.53,0.0,inf,158358,453,0.29,Africa
Nepal,978828,11951,0,966877,18,0,0,1.22,0.0,inf,978743,85,0.01,South-East Asia
Netherlands,8131213,22264,0,8108949,0,0,0,0.27,0.0,inf,8119687,11526,0.14,Europe
New Zealand,948498,714,0,947784,6770,6,0,0.08,0.0,inf,894766,53732,6.01,Western Pacific
Nicaragua,18491,234,0,18257,0,0,0,1.27,0.0,inf,18491,0,0.0,Americas
Niger,8941,309,0,8632,0,0,0,3.46,0.0,inf,8914,27,0.3,Africa
Nigeria,255753,3143,0,252610,37,0,0,1.23,0.0,inf,255685,68,0.03,Africa
North Macedonia,309571,9280,0,300291,0,0,0,3.0,0.0,inf,309062,509,0.16,Europe
Norway,1426128,2932,0,1423196,115,0,0,0.21,0.0,inf,1423629,2499,0.18,Europe
Oman,389126,4258,0,384868,0,0,0,1.09,0.0,inf,389053,73,0.02,Eastern Mediterranean
Pakistan,1527956,30369,0,1497587,0,0,0,1.99,0.0,inf,1527956,0,0.0,Eastern Mediterranean
Palau,4610,6,0,4604,0,0,0,0.13,0.0,inf,4396,214,4.87,Western Pacific
Panama,777120,8184,0,768936,700,0,0,1.05,0.0,inf,771819,5301,0.69,Americas
Papua New Guinea,43817,650,0,43167,0,0,0,1.48,0.0,inf,43732,85,0.19,Western Pacific
Paraguay,649455,18870,0,630585,0,0,0,2.91,0.0,inf,649034,421,0.06,Americas
Peru,3565839,212841,0,3352998,1281,31,0,5.97,0.0,inf,3560876,4963,0.14,Americas
Philippines,3685895,60397,0,3625498,252,56,0,1.64,0.0,inf,3684500,1395,0.04,Western Pacific
Poland,5996748,116059,0,5880689,234,0,0,1.94,0.0,inf,5991197,5551,0.09,Europe
Portugal,3853800,22280,0,3831520,0,0,0,0.58,0.0,inf,3791744,62056,1.64,Europe
Qatar,364655,677,0,363978,53,0,0,0.19,0.0,inf,364187,468,0.13,Eastern Mediterranean
Reunion (FR),387184,749,0,386435,0,0,0,0.19,0.0,inf,374295,12889,3.44,Africa
Romania,2894368,65493,0,2828875,492,7,0,2.26,0.0,inf,2888318,6050,0.21,Europe
Russia,17924145,368463,0,17555682,6954,144,0,2.06,0.0,inf,17872625,51520,0.29,Europe
Rwanda,129810,1459,0,128351,4,0,0,1.12,0.0,inf,129772,38,0.03,Africa
Saint Kitts and Nevis,5566,43,0,5523,4,0,0,0.77,0.0,inf,5561,5,0.09,Americas
Saint Lucia,23394,368,0,23026,0,0,0,1.57,0.0,inf,23239,155,0.67,Americas
Saint Pierre and Miquelon (FR),2701,1,0,2700,0,0,0,0.04,0.0,inf,2641,60,2.27,Americas
Saint Vincent and the Grenadines,8419,106,0,8313,0,0,0,1.26,0.0,inf,8383,36,0.43,Americas
Samoa,9592,19,0,9573,0,0,0,0.2,0.0,inf,7185,2407,33.5,Western Pacific
San Marino,16437,115,0,16322,0,0,0,0.7,0.0,inf,16186,251,1.55,Europe
Sao Tome and Principe,5957,73,0,5884,0,0,0,1.23,0.0,inf,5953,4,0.07,Africa
Saudi Arabia,754110,9089,0,745021,99,1,0,1.21,0.0,inf,753417,693,0.09,Eastern Mediterranean
Senegal,85997,1967,0,84030,0,0,0,2.29,0.0,inf,85988,9,0.01,Africa
Serbia,2006695,15999,0,1990696,342,8,0,0.8,0.0,inf,2001654,5041,0.25,Europe
Seychelles,42502,166,0,42336,0,0,0,0.39,0.0,inf,42079,423,1.01,Africa
Sierra Leone,7681,125,0,7556,0,0,0,1.63,0.0,inf,7681,0,0.0,Africa
Singapore,1193250,1336,0,1191914,0,1,0,0.11,0.0,inf,1182168,11082,0.94,Western Pacific
Sint Maarten (NL),10036,86,0,9950,0,0,0,0.86,0.0,inf,10002,34,0.34,Americas
Slovakia,2528216,19879,0,2508337,0,0,0,0.79,0.0,inf,2520706,7510,0.3,Europe
Slovenia,1010555,6593,0,1003962,497,1,0,0.65,0.0,inf,1004466,6089,0.61,Europe
Solomon Islands,15677,141,0,15536,891,0,0,0.9,0.0,inf,12437,3240,26.05,Western Pacific
Somalia,26485,1361,0,25124,0,0,0,5.14,0.0,inf,26485,0,0.0,Eastern Mediterranean
South Africa,3795763,100363,0,3695400,4638,0,0,2.64,0.0,inf,3762911,32852,0.87,Africa
South Korea,17295733,22958,0,17272775,20084,83,0,0.13,0.0,inf,16929564,366169,2.16,Western Pacific
South Sudan,17461,138,0,17323,0,0,0,0.79,0.0,inf,17422,39,0.22,Africa
Spain,11893480,104462,0,11789018,0,6,0,0.88,0.0,inf,11786036,107444,0.91,Europe
Sri Lanka,663373,16505,0,646868,11,1,0,2.49,0.0,inf,663131,242,0.04,South-East Asia
Sudan,62117,4931,0,57186,0,0,0,7.94,0.0,inf,62093,24,0.04,Eastern Mediterranean
Summer Olympics 2020,865,0,0,865,0,0,0,0.0,0.0,0.0,865,0,0.0,
Suriname,79336,1328,0,78008,0,0,0,1.67,0.0,inf,79302,34,0.04,Americas
Sweden,2500917,18772,0,2482145,0,0,0,0.75,0.0,inf,2498388,2529,0.1,Europe
Switzerland,3619598,13712,0,3605886,0,0,0,0.38,0.0,inf,3596855,22743,0.63,Europe
Syria,55813,3150,0,52663,0,0,0,5.64,0.0,inf,55797,16,0.03,Eastern Mediterranean
Taiwan*,132955,868,0,132087,17072,3,0,0.65,0.0,inf,56468,76487,135.45,Western Pacific
Tajikistan,17786,125,0,17661,0,0,0,0.7,0.0,inf,17786,0,0.0,Europe
Tanzania,33872,803,0,33069,0,0,0,2.37,0.0,inf,33864,8,0.02,Africa
Thailand,4262484,28617,0,4233867,0,0,0,0.67,0.0,inf,4180868,81616,1.95,South-East Asia
Timor-Leste,22871,130,0,22741,6,0,0,0.57,0.0,inf,22860,11,0.05,South-East Asia
Togo,36989,273,0,36716,4,0,0,0.74,0.0,inf,36977,12,0.03,Africa
Tonga,10196,11,0,10185,0,0,0,0.11,0.0,inf,9553,643,6.73,Western Pacific
Trinidad and Tobago,148335,3831,0,144504,468,2,0,2.58,0.0,inf,144563,3772,2.61,Americas
Tunisia,1040193,28550,0,1011643,0,0,0,2.74,0.0,inf,1039532,661,0.06,Eastern Mediterranean
Turkey,15033573,98783,0,14934790,1480,12,0,0.66,0.0,inf,15018547,15026,0.1,Europe
Turks and Caicos Islands (UK),5963,36,0,5927,0,0,0,0.6,0.0,inf,5941,22,0.37,Americas
US,81362688,993733,0,80368955,16153,21,0,1.22,0.0,inf,80986573,376115,0.46,Americas
Uganda,164084,3597,0,160487,0,0,0,2.19,0.0,inf,164069,15,0.01,Africa
Ukraine,5040518,112459,0,4928059,0,0,0,2.23,0.0,inf,5040518,0,0.0,Europe
United Arab Emirates,898811,2302,0,896509,240,0,0,0.26,0.0,inf,897136,1675,0.19,Eastern Mediterranean
United Kingdom,22158384,175314,0,21983070,0,0,0,0.79,0.0,inf,22051538,106846,0.48,Europe
Uruguay,897867,7203,0,890664,0,0,0,0.8,0.0,inf,895775,2092,0.23,Americas
Uzbekistan,238596,1637,0,236959,0,0,0,0.69,0.0,inf,238469,127,0.05,Europe
Vanuatu,7507,13,0,7494,177,0,0,0.17,0.0,inf,6840,667,9.75,Western Pacific
Venezuela,522434,5709,0,516725,109,0,0,1.09,0.0,inf,522176,258,0.05,Americas
Vietnam,10653526,43042,0,10610484,3717,1,0,0.4,0.0,inf,10563502,90024,0.85,Western Pacific
West Bank and Gaza,657060,5657,0,651403,0,0,0,0.86,0.0,inf,656876,184,0.03,Eastern Mediterranean
Winter Olympics 2022,535,0,0,535,0,0,0,0.0,0.0,0.0,535,0,0.0,
Yemen,11818,2149,0,9669,0,0,0,18.18,0.0,inf,11818,0,0.0,Eastern Mediterranean
Zambia,319733,3976,0,315757,139,0,0,1.24,0.0,inf,318984,749,0.23,Africa
Zimbabwe,247911,5469,0,242442,36,0,0,2.21,0.0,inf,247524,387,0.16,Africa
