Country,Confirmed,Deaths,Recovered,Active,New cases,New deaths,New recovered,Deaths / 100 Cases,Recovered / 100 Cases,Deaths / 100 Recovered,Confirmed last week,1 week change,1 week % increase,WHO Region
Afghanistan,173146,7585,0,165561,62,6,0,4.38,0.0,inf,171931,1215,0.71,Eastern Mediterranean
Albania,271141,3458,0,267683,0,0,0,1.28,0.0,inf,269904,1237,0.46,Europe
Algeria,264778,6828,0,257950,72,5,0,2.58,0.0,inf,263936,842,0.32,Africa
Andorra,37999,151,0,37848,0,0,0,0.4,0.0,inf,37589,410,1.09,Europe
Angola,98701,1899,0,96802,0,0,0,1.92,0.0,inf,98617,84,0.09,Africa
Anguilla (UK),2528,9,0,2519,0,0,0,0.36,0.0,inf,2506,22,0.88,Americas
Antarctica,11,0,0,11,0,0,0,0.0,0.0,0.0,11,0,0.0,
Antigua and Barbuda,7437,135,0,7302,0,0,0,1.82,0.0,inf,7408,29,0.39,Americas
Argentina,8893568,126048,0,8767520,5595,90,0,1.42,0.0,inf,8823054,70514,0.8,Americas
Armenia,419423,8433,0,410990,631,20,0,2.01,0.0,inf,414764,4659,1.12,Europe
Aruba (NL),33676,211,0,33465,6,0,0,0.63,0.0,inf,33600,76,0.23,Americas
Australia,3188117,5157,0,3182960,17543,26,0,0.16,0.0,inf,3030638,157479,5.2,Western Pacific
Austria,2636258,14762,0,2621496,25972,37,0,0.56,0.0,inf,2424742,211516,8.72,Europe
Azerbaijan,782748,9358,0,773390,0,0,0,1.2,0.0,inf,771709,11039,1.43,Europe
Bahamas,33108,771,0,32337,0,0,0,2.33,0.0,inf,33024,84,0.25,Americas
Bahrain,509390,1450,0,507940,2416,2,0,0.28,0.0,inf,488423,20967,4.29,Eastern Mediterranean
Bangladesh,1941816,29024,0,1912792,759,8,0,1.49,0.0,inf,1931304,10512,0.54,South-East Asia
Barbados,54902,313,0,54589,171,1,0,0.57,0.0,inf,53508,1394,2.61,Americas
Belarus,913333,6454,0,906879,5355,16,0,0.71,0.0,inf,875934,37399,4.27,Europe
Belgium,3544034,30121,0,3513913,0,0,0,0.85,0.0,inf,3494223,49811,1.43,Europe
Belize,56597,650,0,55947,0,0,0,1.15,0.0,inf,56079,518,0.92,Americas
Benin,26567,163,0,26404,0,0,0,0.61,0.0,inf,26567,0,0.0,Africa
Bhutan,11820,6,0,11814,451,0,0,0.05,0.0,inf,9557,2263,23.68,South-East Asia
Bolivia,893048,21419,0,871629,511,5,0,2.4,0.0,inf,889044,4004,0.45,Americas
Bosnia and Herzegovina,370652,15411,0,355241,0,0,0,4.16,0.0,inf,367641,3011,0.82,Europe
Botswana,263950,2619,0,261331,0,0,0,0.99,0.0,inf,261913,2037,0.78,Africa
Brazil,28749552,649184,0,28100368,69881,688,0,2.26,0.0,inf,28177367,572185,2.03,Americas
British Virgin Islands (UK),6074,62,0,6012,0,0,0,1.02,0.0,inf,6050,24,0.4,Americas
Brunei,55485,115,0,55370,3969,0,0,0.21,0.0,inf,27599,27886,101.04,Western Pacific
Bulgaria,1087796,35458,0,1052338,1468,25,0,3.26,0.0,inf,1066413,21383,2.01,Europe
Burkina Faso,20751,375,0,20376,0,0,0,1.81,0.0,inf,20745,6,0.03,Africa
Burma,584239,19360,0,564879,2402,4,0,3.31,0.0,inf,562364,21875,3.89,South-East Asia
Burundi,38063,38,0,38025,0,0,0,0.1,0.0,inf,37947,116,0.31,Africa
Cabo Verde,55881,401,0,55480,1,0,0,0.72,0.0,inf,55860,21,0.04,Africa
Cambodia,129548,3032,0,126516,470,5,0,2.34,0.0,inf,125753,3795,3.02,Western Pacific
Cameroon,119240,1923,0,117317,0,0,0,1.61,0.0,inf,119107,133,0.11,Africa
Canada,3279153,36506,0,3242647,2338,34,0,1.11,0.0,inf,3237970,41183,1.27,Americas
Cayman Islands (UK),19373,17,0,19356,0,0,0,0.09,0.0,inf,18728,645,3.44,Americas
Central African Republic,14187,113,0,14074,0,0,0,0.8,0.0,inf,14187,0,0.0,Africa
Chad,7248,190,0,7058,0,0,0,2.62,0.0,inf,7216,32,0.44,Africa
Chile,3015630,42070,0,2973560,29757,151,0,1.4,0.0,inf,2819246,196384,6.97,Americas
China,153558,5213,0,148345,5733,80,0,3.39,0.0,inf,129914,23644,18.2,Western Pacific
Colombia,6060793,138598,0,5922195,2078,97,0,2.29,0.0,inf,6043661,17132,0.28,Americas
Comoros,8032,160,0,7872,6,0,0,1.99,0.0,inf,8016,16,0.2,Africa
Congo (Brazzaville),23967,378,0,23589,0,0,0,1.58,0.0,inf,23874,93,0.39,Africa
Congo (Kinshasa),85999,1335,0,84664,0,0,0,1.55,0.0,inf,85834,165,0.19,Africa
Costa Rica,802472,7999,0,794473,0,0,0,1.0,0.0,inf,783437,19035,2.43,Americas
Cote d'Ivoire,81467,792,0,80675,18,0,0,0.97,0.0,inf,81346,121,0.15,Africa
Croatia,1053568,15012,0,1038556,1871,22,0,1.42,0.0,inf,1039157,14411,1.39,Europe
Cuba,1068757,8494,0,1060263,609,0,0,0.79,0.0,inf,1064757,4000,0.38,Americas
Curacao (NL),38915,261,0,38654,19,0,0,0.67,0.0,inf,38695,220,0.57,Americas
Cyprus,318773,852,0,317921,3432,4,0,0.27,0.0,inf,304503,14270,4.69,Europe
Czechia,3568717,38558,0,3530159,9157,67,0,1.08,0.0,inf,3497820,70897,2.03,Europe
Denmark,2731806,4538,0,2727268,17359,37,0,0.17,0.0,inf,2552361,179445,7.03,Europe
Djibouti,15547,189,0,15358,1,0,0,1.22,0.0,inf,15541,6,0.04,Eastern Mediterranean
Dominica,11016,57,0,10959,0,0,0,0.52,0.0,inf,10801,215,1.99,Americas
Dominican Republic,574071,4368,0,569703,295,3,0,0.76,0.0,inf,571552,2519,0.44,Americas
Ecuador,827760,35223,0,792537,0,0,0,4.26,0.0,inf,808925,18835,2.33,Americas
Egypt,480727,23992,0,456735,1743,35,0,4.99,0.0,inf,467448,13279,2.84,Eastern Mediterranean
El Salvador,147786,4062,0,143724,0,0,0,2.75,0.0,inf,147786,0,0.0,Americas
Equatorial Guinea,15877,182,0,15695,0,0,0,1.15,0.0,inf,15870,7,0.04,Africa
Eritrea,9700,103,0,9597,2,0,0,1.06,0.0,inf,9687,13,0.13,Africa
Estonia,487955,2213,0,485742,4000,9,0,0.45,0.0,inf,455636,32319,7.09,Europe
Eswatini,69125,1390,0,67735,6,0,0,2.01,0.0,inf,68972,153,0.22,Africa
Ethiopia,468625,7458,0,461167,19,4,0,1.59,0.0,inf,468284,341,0.07,Africa
Falkland Islands (Malvinas) (UK),109,0,0,109,0,0,0,0.0,0.0,0.0,105,4,3.81,Africa
Faroe Islands (DK),33590,26,0,33564,0,0,0,0.08,0.0,inf,31092,2498,8.03,Europe
Fiji,63756,833,0,62923,0,0,0,1.31,0.0,inf,63624,132,0.21,Western Pacific
Finland,637729,2364,0,635365,0,0,0,0.37,0.0,inf,605046,32683,5.4,Europe
France,22112196,135436,0,21976760,53623,101,0,0.61,0.0,inf,21706943,405253,1.87,Europe
French Guiana,77625,391,0,77234,0,0,0,0.5,0.0,inf,77414,211,0.27,Americas
French Polynesia,65583,638,0,64945,0,0,0,0.97,0.0,inf,60716,4867,8.02,Western Pacific
Gabon,47520,303,0,47217,0,0,0,0.64,0.0,inf,47484,36,0.08,Africa
Gambia,11924,365,0,11559,0,0,0,3.06,0.0,inf,11924,0,0.0,Africa
Georgia,1598172,16097,0,1582075,6236,43,0,1.01,0.0,inf,1539493,58679,3.81,Europe
Germany,14732722,122692,0,14610030,106407,58,0,0.83,0.0,inf,13605445,1127277,8.29,Europe
Ghana,159124,1442,0,157682,0,0,0,0.91,0.0,inf,158220,904,0.57,Africa
Gibraltar (UK),15313,101,0,15212,0,0,0,0.66,0.0,inf,14873,440,2.96,Europe
Greece,2397187,25719,0,2371468,11883,51,0,1.07,0.0,inf,2289330,107857,4.71,Europe
Greenland (DK),11715,16,0,11699,0,0,0,0.14,0.0,inf,11565,150,1.3,Europe
Grenada,13696,214,0,13482,35,0,0,1.56,0.0,inf,13525,171,1.26,Americas
Guadeloupe (FR),122211,909,0,121302,0,0,0,0.74,0.0,inf,118177,4034,3.41,Americas
Guatemala,776262,16961,0,759301,2687,22,0,2.18,0.0,inf,756600,19662,2.6,Americas
Guinea,36393,440,0,35953,0,0,0,1.21,0.0,inf,36354,39,0.11,Africa
Guinea-Bissau,7985,166,0,7819,0,0,0,2.08,0.0,inf,7907,78,0.99,Africa
Guyana,62891,1220,0,61671,35,4,0,1.94,0.0,inf,62638,253,0.4,Americas
Haiti,30340,820,0,29520,4,0,0,2.7,0.0,inf,30162,178,0.59,Americas
Holy See,29,0,0,29,0,0,0,0.0,0.0,0.0,29,0,0.0,Europe
Honduras,411212,10720,0,400492,0,0,0,2.61,0.0,inf,404764,6448,1.59,Americas
Hungary,1779174,43752,0,1735422,0,0,0,2.46,0.0,inf,1746424,32750,1.88,Europe
Iceland,123373,61,0,123312,0,0,0,0.05,0.0,inf,102086,21287,20.85,Europe
India,42916117,513724,0,42402393,10273,243,0,1.2,0.0,inf,42822473,93644,0.22,South-East Asia
Indonesia,5504418,147844,0,5356574,46643,258,0,2.69,0.0,inf,5149021,355397,6.9,South-East Asia
Iran,7030943,136390,0,6894553,7039,224,0,1.94,0.0,inf,6925485,105458,1.52,Eastern Mediterranean
Iraq,2300645,24960,0,2275685,878,12,0,1.08,0.0,inf,2290011,10634,0.46,Eastern Mediterranean
Ireland,1292212,6475,0,1285737,0,0,0,0.5,0.0,inf,1265124,27088,2.14,Europe
Israel,3615224,10126,0,3605098,7720,12,0,0.28,0.0,inf,3535055,80169,2.27,Europe
Italy,12732680,154416,0,12578264,39360,210,0,1.21,0.0,inf,12427773,304907,2.45,Europe
Jamaica,127916,2811,0,125105,60,1,0,2.2,0.0,inf,127516,400,0.31,Americas
Japan,4891242,23325,0,4867917,72091,256,0,0.48,0.0,inf,4419254,471988,10.68,Western Pacific
Jordan,1617178,13798,0,1603380,2480,13,0,0.85,0.0,inf,1560822,56356,3.61,Eastern Mediterranean
Kazakhstan,1389784,18906,0,1370878,496,0,0,1.36,0.0,inf,1386291,3493,0.25,Europe
Kenya,322906,5639,0,317267,37,1,0,1.75,0.0,inf,322669,237,0.07,Africa
Kiribati,2904,11,0,2893,12,0,0,0.38,0.0,inf,2823,81,2.87,Western Pacific
Kosovo,226112,3112,0,223000,119,1,0,1.38,0.0,inf,224965,1147,0.51,Europe
Kuwait,618703,2536,0,616167,582,1,0,0.41,0.0,inf,611820,6883,1.13,Eastern Mediterranean
Kyrgyzstan,200458,2954,0,197504,31,2,0,1.47,0.0,inf,200287,171,0.09,Europe
Laos,142474,621,0,141853,237,2,0,0.44,0.0,inf,140889,1585,1.12,Western Pacific
Latvia,644077,5223,0,638854,10117,32,0,0.81,0.0,inf,579168,64909,11.21,Europe
Lebanon,1065307,10069,0,1055238,2428,11,0,0.95,0.0,inf,1043028,22279,2.14,Eastern Mediterranean
Lesotho,32612,696,0,31916,0,0,0,2.13,0.0,inf,32434,178,0.55,Africa
Liberia,7360,290,0,7070,0,0,0,3.94,0.0,inf,7360,0,0.0,Africa
Libya,492154,6241,0,485913,0,0,0,1.27,0.0,inf,482153,10001,2.07,Eastern Mediterranean
Liechtenstein,11752,78,0,11674,81,0,0,0.66,0.0,inf,11113,639,5.75,Europe
Lithuania,896910,8387,0,888523,5372,19,0,0.94,0.0,inf,856361,40549,4.74,Europe
Luxembourg,181903,988,0,180915,0,0,0,0.54,0.0,inf,177372,4531,2.55,Europe
Madagascar,63659,1366,0,62293,226,16,0,2.15,0.0,inf,63433,226,0.36,Africa
Malawi,85314,2613,0,82701,19,1,0,3.06,0.0,inf,85205,109,0.13,Africa
Malaysia,3395170,32634,0,3362536,27299,43,0,0.96,0.0,inf,3194848,200322,6.27,Western Pacific
Maldives,169148,296,0,168852,517,2,0,0.17,0.0,inf,164229,4919,3.0,South-East Asia
Mali,30371,722,0,29649,6,0,0,2.38,0.0,inf,30338,33,0.11,Africa
Malta,71179,602,0,70577,96,1,0,0.85,0.0,inf,70588,591,0.84,Europe
Marshall Islands,7,0,0,7,0,0,0,0.0,0.0,0.0,7,0,0.0,Western Pacific
Martinique (FR),112115,871,0,111244,0,0,0,0.78,0.0,inf,107144,4971,4.64,Americas
Mauritania,58629,979,0,57650,3,1,0,1.67,0.0,inf,58604,25,0.04,Africa
Mauritius,70862,786,0,70076,0,0,0,1.11,0.0,inf,70862,0,0.0,Africa
Mayotte (FR),36631,187,0,36444,0,0,0,0.51,0.0,inf,36631,0,0.0,Africa
Mexico,5502586,318014,0,5184572,13459,331,0,5.78,0.0,inf,5407711,94875,1.75,Americas
Micronesia,1,0,0,1,0,0,0,0.0,0.0,0.0,1,0,0.0,Western Pacific
Moldova,500812,11201,0,489611,668,16,0,2.24,0.0,inf,494219,6593,1.33,Europe
Monaco,9359,51,0,9308,0,0,0,0.54,0.0,inf,9186,173,1.88,Europe
Mongolia,905968,2168,0,903800,0,1,0,0.24,0.0,inf,893721,12247,1.37,Western Pacific
Montenegro,230011,2674,0,227337,175,0,0,1.16,0.0,inf,228522,1489,0.65,Europe
Montserrat (UK),163,2,0,161,0,0,0,1.23,0.0,inf,163,0,0.0,Americas
Morocco,1160750,15970,0,1144780,188,10,0,1.38,0.0,inf,1158669,2081,0.18,Eastern Mediterranean
Mozambique,225036,2192,0,222844,18,0,0,0.97,0.0,inf,224882,154,0.07,Africa
Namibia,157193,4007,0,153186,60,0,0,2.55,0.0,inf,156982,211,0.13,Africa
Nepal,976771,11934,0,964837,101,2,0,1.22,0.0,inf,975330,1441,0.15,South-East Asia
Netherlands,6153207,21507,0,6131700,0,0,0,0.35,0.0,inf,6046118,107089,1.77,Europe
New Zealand,71124,56,0,71068,0,0,0,0.08,0.0,inf,31089,40035,128.78,Western Pacific
Nicaragua,18004,224,0,17780,0,0,0,1.24,0.0,inf,17895,109,0.61,Americas
Niger,8746,306,0,8440,0,0,0,3.5,0.0,inf,8734,12,0.14,Africa
Nigeria,254501,3142,0,251359,73,0,0,1.23,0.0,inf,254243,258,0.1,Africa
North Macedonia,296703,8994,0,287709,474,13,0,3.03,0.0,inf,292660,4043,1.38,Europe
Norway,1225866,1598,0,1224268,8560,0,0,0.13,0.0,inf,1128763,97103,8.6,Europe
Oman,379618,4238,0,375380,0,0,0,1.12,0.0,inf,372060,7558,2.03,Eastern Mediterranean
Pakistan,1508504,30173,0,1478331,847,20,0,2.0,0.0,inf,1500320,8184,0.55,Eastern Mediterranean
Palau,3726,6,0,3720,0,0,0,0.16,0.0,inf,3463,263,7.59,Western Pacific
Panama,754905,8073,0,746832,543,10,0,1.07,0.0,inf,749135,5770,0.77,Americas
Papua New Guinea,41038,638,0,40400,0,0,0,1.55,0.0,inf,39580,1458,3.68,Western Pacific
Paraguay,639078,18315,0,620763,0,0,0,2.87,0.0,inf,634780,4298,0.68,Americas
Peru,3512404,210407,0,3301997,3762,178,0,5.99,0.0,inf,3490988,21416,0.61,Americas
Philippines,3660020,56351,0,3603669,1128,127,0,1.54,0.0,inf,3650748,9272,0.25,Western Pacific
Poland,5651596,111277,0,5540319,13950,221,0,1.97,0.0,inf,5540302,111294,2.01,Europe
Portugal,3251302,21001,0,3230301,9851,28,0,0.65,0.0,inf,3178029,73273,2.31,Europe
Qatar,356363,667,0,355696,297,3,0,0.19,0.0,inf,353780,2583,0.73,Eastern Mediterranean
Reunion (FR),292126,640,0,291486,0,0,0,0.22,0.0,inf,278494,13632,4.89,Africa
Romania,2724480,63294,0,2661186,7191,101,0,2.32,0.0,inf,2655933,68547,2.58,Europe
Russia,15941241,343178,0,15598063,121647,781,0,2.15,0.0,inf,14979363,961878,6.42,Europe
Rwanda,129485,1457,0,128028,2,0,0,1.13,0.0,inf,129369,116,0.09,Africa
Saint Kitts and Nevis,5530,42,0,5488,4,0,0,0.76,0.0,inf,5523,7,0.13,Americas
Saint Lucia,22649,358,0,22291,0,0,0,1.58,0.0,inf,22468,181,0.81,Americas
Saint Pierre and Miquelon (FR),1070,1,0,1069,0,0,0,0.09,0.0,inf,1047,23,2.2,Americas
Saint Vincent and the Grenadines,8305,106,0,8199,0,0,0,1.28,0.0,inf,8468,-163,-1.92,Americas
Samoa,33,0,0,33,0,0,0,0.0,0.0,0.0,33,0,0.0,Western Pacific
San Marino,14310,112,0,14198,0,0,0,0.78,0.0,inf,14147,163,1.15,Europe
Sao Tome and Principe,5933,72,0,5861,0,0,0,1.21,0.0,inf,5925,8,0.14,Africa
Saudi Arabia,743742,8994,0,734748,537,1,0,1.21,0.0,inf,738331,5411,0.73,Eastern Mediterranean
Senegal,85666,1960,0,83706,15,0,0,2.29,0.0,inf,85545,121,0.14,Africa
Serbia,1906142,15155,0,1890987,2648,45,0,0.8,0.0,inf,1874134,32008,1.71,Europe
Seychelles,39251,160,0,39091,0,0,0,0.41,0.0,inf,38916,335,0.86,Africa
Sierra Leone,7665,125,0,7540,0,0,0,1.63,0.0,inf,7663,2,0.03,Africa
Singapore,696652,999,0,695653,16857,13,0,0.14,0.0,inf,576355,120297,20.87,Western Pacific
Sint Maarten (NL),9548,85,0,9463,2,0,0,0.89,0.0,inf,9526,22,0.23,Americas
Slovakia,2102420,18413,0,2084007,18457,38,0,0.88,0.0,inf,1985859,116561,5.87,Europe
Slovenia,891041,6276,0,884765,1839,12,0,0.7,0.0,inf,875747,15294,1.75,Europe
Solomon Islands,6813,93,0,6720,159,1,0,1.37,0.0,inf,5684,1129,19.86,Western Pacific
Somalia,26313,1348,0,24965,0,0,0,5.12,0.0,inf,26260,53,0.2,Eastern Mediterranean
South Africa,3671991,99191,0,3572800,2320,46,0,2.7,0.0,inf,3657091,14900,0.41,Africa
South Korea,2994841,7944,0,2986897,163558,49,0,0.27,0.0,inf,1962837,1032004,52.58,Western Pacific
South Sudan,16955,137,0,16818,0,0,0,0.81,0.0,inf,16903,52,0.31,Africa
Spain,10977524,99410,0,10878114,0,0,0,0.91,0.0,inf,10809222,168302,1.56,Europe
Sri Lanka,644060,16166,0,627894,988,24,0,2.51,0.0,inf,635606,8454,1.33,South-East Asia
Sudan,61376,3901,0,57475,0,0,0,6.36,0.0,inf,59939,1437,2.4,Eastern Mediterranean
Summer Olympics 2020,865,0,0,865,0,0,0,0.0,0.0,0.0,865,0,0.0,
Suriname,78092,1316,0,76776,22,1,0,1.69,0.0,inf,77686,406,0.52,Americas
Sweden,2441142,17142,0,2424000,0,0,0,0.7,0.0,inf,2422856,18286,0.75,Europe
Switzerland,2765218,13082,0,2752136,0,0,0,0.47,0.0,inf,2664194,101024,3.79,Europe
Syria,54380,3068,0,51312,105,3,0,5.64,0.0,inf,53527,853,1.59,Eastern Mediterranean
Taiwan*,20373,853,0,19520,69,0,0,4.19,0.0,inf,19937,436,2.19,Western Pacific
Tajikistan,17786,125,0,17661,0,0,0,0.7,0.0,inf,17783,3,0.02,Europe
Tanzania,33620,798,0,32822,0,0,0,2.37,0.0,inf,33549,71,0.21,Africa
Thailand,2869616,22891,0,2846725,24719,42,0,0.8,0.0,inf,2712315,157301,5.8,South-East Asia
Timor-Leste,22649,128,0,22521,65,2,0,0.57,0.0,inf,22314,335,1.5,South-East Asia
Togo,36798,272,0,36526,16,0,0,0.74,0.0,inf,36724,74,0.2,Africa
Tonga,355,1,0,354,0,0,0,0.28,0.0,inf,234,121,51.71,Western Pacific
Trinidad and Tobago,126934,3617,0,123317,432,9,0,2.85,0.0,inf,123157,3777,3.07,Americas
Tunisia,995713,27702,0,968011,1170,34,0,2.78,0.0,inf,979612,16101,1.64,Eastern Mediterranean
Turkey,13975389,94026,0,13881363,61764,221,0,0.67,0.0,inf,13434130,541259,4.03,Europe
Turks and Caicos Islands (UK),5860,36,0,5824,0,0,0,0.61,0.0,inf,5846,14,0.24,Americas
US,78931739,948215,0,77983524,48638,798,0,1.2,0.0,inf,78455164,476575,0.61,Americas
Uganda,163231,3585,0,159646,0,0,0,2.2,0.0,inf,163004,227,0.14,Africa
Ukraine,5040518,112459,0,4928059,0,0,0,2.23,0.0,inf,4923680,116838,2.37,Europe
United Arab Emirates,878746,2301,0,876445,644,1,0,0.26,0.0,inf,873882,4864,0.56,Eastern Mediterranean
United Kingdom,18889122,161570,0,18727552,0,0,0,0.86,0.0,inf,18667307,221815,1.19,Europe
Uruguay,838341,6961,0,831380,2995,12,0,0.83,0.0,inf,812367,25974,3.2,Americas
Uzbekistan,236174,1630,0,234544,138,2,0,0.69,0.0,inf,235063,1111,0.47,Europe
Vanuatu,19,1,0,18,0,0,0,5.26,0.0,inf,11,8,72.73,Western Pacific
Venezuela,514315,5631,0,508684,888,3,0,1.09,0.0,inf,510553,3762,0.74,Americas
Vietnam,3219177,40050,0,3179127,98876,88,0,1.24,0.0,inf,2740293,478884,17.48,Western Pacific
West Bank and Gaza,640214,5458,0,634756,0,0,0,0.85,0.0,inf,627956,12258,1.95,Eastern Mediterranean
Winter Olympics 2022,514,0,0,514,0,0,0,0.0,0.0,0.0,508,6,1.18,
Yemen,11760,2133,0,9627,1,2,0,18.14,0.0,inf,11731,29,0.25,Eastern Mediterranean
Zambia,312611,3951,0,308660,237,4,0,1.26,0.0,inf,311016,1595,0.51,Africa
Zimbabwe,235803,5393,0,230410,336,1,0,2.29,0.0,inf,233224,2579,1.11,Africa
